id	x	y	cluster	weight<Links>	weight<Total link strength>	weight<number of doc>	weight<degree centrality>	weight<closeness centrality>	weight<betweenness centrality>	weight<pagerank centrality>	score<number of doc>	score<degree centrality>	score<closeness centrality>	score<betweenness centrality>	score<pagerank centrality>
AAD	0.1227	0.201	16	56	3570	1666	112	0.002	2154.64910743534	0.0198718677344071	1666	112	0.002	2154.64910743534	0.0198718677344071
AARI	-1.0997	0.6413	10	8	290	917	16	0.0016750418760469	185.190602469856	0.00366863006835733	917	16	0.0016750418760469	185.190602469856	0.00366863006835733
AP Karpinsky Russian Geol Res Inst	-1.5223	0.7937	10	2	56	479	4	0.00114155251141553	0	0.00189486410274079	479	4	0.00114155251141553	0	0.00189486410274079
AWI	-0.3982	0.0185	7	102	5400	6974	204	0.00230414746543779	7473.67539742422	0.0391582863337164	6974	204	0.00230414746543779	7473.67539742422	0.0391582863337164
Aberystwyth Univ	-0.4025	-0.4506	2	4	138	617	8	0.00150602409638554	14.0541087567403	0.00225814329328061	617	8	0.00150602409638554	14.0541087567403	0.00225814329328061
Aix Marseille Univ	-0.3728	0.348	6	7	254	387	14	0.00151285930408472	1.34935064935065	0.00274298117260516	387	14	0.00151285930408472	1.34935064935065	0.00274298117260516
Antarctic Climate & Ecosyst Cooperat Res Ctr	0.0168	0.3005	16	12	996	440	24	0.00173611111111111	26.7041950029682	0.00426517339185819	440	24	0.00173611111111111	26.7041950029682	0.00426517339185819
Arizona State Univ	0.5496	-0.1048	1	1	22	173	2	0.00099009900990099	0	0.000991426890588852	173	2	0.00099009900990099	0	0.000991426890588852
Australian Natl Univ	-0.0262	0.0237	14	16	584	799	32	0.00169204737732657	299.562192543799	0.00611230028394601	799	32	0.00169204737732657	299.562192543799	0.00611230028394601
BAS	-0.3726	-0.4604	4	136	8914	5607	272	0.00245098039215686	11675.4616775593	0.0544296627776611	5607	272	0.00245098039215686	11675.4616775593	0.0544296627776611
Bangor Univ	-0.4246	-0.4488	2	3	120	225	6	0.00159235668789809	12.2945849472165	0.001771897361253	225	6	0.00159235668789809	12.2945849472165	0.001771897361253
Beijing Normal Univ	2.8614	0.284	11	1	20	211	2	0.00111358574610245	0	0.00130391685460158	211	2	0.00111358574610245	0	0.00130391685460158
Bjerknes Ctr Climate Res	-0.4914	-0.1595	9	3	190	1218	6	0.00159235668789809	0	0.00163565227198516	1218	6	0.00159235668789809	0	0.00163565227198516
British Geol Survey	-0.2867	-0.436	2	7	380	561	14	0.00151745068285281	7.66978021978022	0.00314296815451659	561	14	0.00151745068285281	7.66978021978022	0.00314296815451659
Bureau of Meteorology - Australia	0.0742	0.3058	16	3	138	153	6	0.00136612021857924	0	0.00146189449939387	153	6	0.00136612021857924	0	0.00146189449939387
CALTECH	0.4819	-0.263	1	20	844	1605	40	0.00179856115107914	519.526442990307	0.00737365700314121	1605	40	0.00179856115107914	519.526442990307	0.00737365700314121
CEA - France	-0.414	0.34	12	24	1060	921	48	0.00176991150442478	155.236928138048	0.00827198681529674	921	48	0.00176991150442478	155.236928138048	0.00827198681529674
CNRS	-0.4833	0.4066	6	71	4784	3808	142	0.00211416490486258	3559.26903340616	0.0265153911452327	3808	142	0.00211416490486258	3559.26903340616	0.0265153911452327
CONICET	-0.8254	-0.6229	8	9	858	882	18	0.00166666666666667	49.4588227223239	0.00402329459952193	882	18	0.00166666666666667	49.4588227223239	0.00402329459952193
CSIC	-0.4081	-0.3774	8	25	1120	1423	50	0.00177935943060498	532.753019343434	0.00934319472956977	1423	50	0.00177935943060498	532.753019343434	0.00934319472956977
CSIRO	0.0173	0.2288	16	26	1852	883	52	0.00180505415162455	291.40138243034	0.00892943048546062	883	52	0.00180505415162455	291.40138243034	0.00892943048546062
California State Univ	0.321	-0.0488	13	4	98	418	8	0.00132450331125828	0.884057867446492	0.0017088950647196	418	8	0.00132450331125828	0.884057867446492	0.0017088950647196
Cardiff Univ	-0.1226	-0.4439	2	2	76	342	4	0.00149925037481259	0	0.00120285590580295	342	4	0.00149925037481259	0	0.00120285590580295
Carl von Ossietzky Univ Oldenburg	-0.3457	0.1276	7	2	118	316	4	0.00149253731343284	0	0.00120046470057819	316	4	0.00149253731343284	0	0.00120046470057819
Chinese Acad Sci	2.8282	0.2808	11	13	584	1581	26	0.00156739811912226	2173.15620260467	0.0111860835508055	1581	26	0.00156739811912226	2173.15620260467	0.0111860835508055
City Univ New York	0.3149	-0.0369	3	2	52	268	4	0.00132275132275132	0	0.00113930915083934	268	4	0.00132275132275132	0	0.00113930915083934
Cold & Arid Reg Environm & Engn Res Inst - Chinese Acad Sci	2.8646	0.2868	11	2	90	129	4	0.00111482720178372	0	0.00201322596327272	129	4	0.00111482720178372	0	0.00201322596327272
Cold Reg Res & Engn Lab CRREL	0.3908	-0.0771	1	1	28	510	2	0.00118623962040332	0	0.000887192741757539	510	2	0.00118623962040332	0	0.000887192741757539
Colorado State Univ	0.5209	-0.1003	1	7	322	603	14	0.00139275766016713	11.304195222015	0.00273675908037404	603	14	0.00139275766016713	11.304195222015	0.00273675908037404
Columbia Univ	0.4008	-0.0566	3	52	2324	2309	104	0.00196850393700787	1570.98453306769	0.0176583544277121	2309	104	0.00196850393700787	1570.98453306769	0.0176583544277121
Complutense University of Madrid	-0.0939	-0.1096	14	4	210	211	8	0.00125944584382872	1.84753853232114	0.0021625378509322	211	8	0.00125944584382872	1.84753853232114	0.0021625378509322
Consiglio Nazionale delle Ricerche CNR	-0.2124	0.2125	5	13	670	1187	26	0.00169491525423729	441.414392817751	0.00524710088319197	1187	26	0.00169491525423729	441.414392817751	0.00524710088319197
Curtin Univ	0.1256	0.32	16	2	46	316	4	0.00136054421768707	0	0.00116997081044684	316	4	0.00136054421768707	0	0.00116997081044684
Dartmouth Coll	0.5408	-0.1036	1	6	214	444	12	0.00133333333333333	260.968330585823	0.00295699628200198	444	12	0.00133333333333333	260.968330585823	0.00295699628200198
Desert Research Institute NSHE	0.537	-0.115	1	15	552	484	30	0.00164203612479475	180.387221412239	0.00554905857746358	484	30	0.00164203612479475	180.387221412239	0.00554905857746358
Duke Univ	0.5693	-0.084	3	2	44	227	4	0.0013262599469496	0	0.00118860157780745	227	4	0.0013262599469496	0	0.00118860157780745
Durham Univ	-0.2014	-0.4684	2	13	492	971	26	0.00166112956810631	48.6361749247978	0.00509852578980216	971	26	0.00166112956810631	48.6361749247978	0.00509852578980216
ETH Zurich	-0.0012	-0.0012	3	6	216	933	12	0.00163398692810458	6.92250617835767	0.0024346062476342	933	12	0.00163398692810458	6.92250617835767	0.0024346062476342
Fisheries Research Agency - Japan	0.7917	-0.0404	3	2	46	208	4	0.00151515151515152	0	0.0012277132779367	208	4	0.00151515151515152	0	0.0012277132779367
Florida State Univ	-0.012	-0.0516	5	5	112	373	10	0.00152439024390244	5.88522913587657	0.00211122062418109	373	10	0.00152439024390244	5.88522913587657	0.00211122062418109
Free Univ Berlin	-1.2765	0.0203	7	1	22	207	2	0.00105042016806723	0	0.00149436444945902	207	2	0.00105042016806723	0	0.00149436444945902
GEOMAR Helmholtz Ctr Ocean Res Kiel	-0.0443	-0.1236	14	8	286	1491	16	0.00164203612479475	5.95913596207714	0.00312717752817221	1491	16	0.00164203612479475	5.95913596207714	0.00312717752817221
GFZ German Res Ctr Geosci	-1.2732	0.0203	7	2	62	552	4	0.00144508670520231	260	0.00216904791879316	552	4	0.00144508670520231	260	0.00216904791879316
GNS Science - New Zealand	0.0794	-0.008	5	17	734	461	34	0.0017636684303351	86.9022483085683	0.00590784962873826	461	34	0.0017636684303351	86.9022483085683	0.00590784962873826
Geol Inst - RAS	-1.505	0.7843	10	1	24	980	2	0.00114025085518814	0	0.00108954685907656	980	2	0.00114025085518814	0	0.00108954685907656
Ghent University	-0.3501	-0.6673	2	4	372	461	8	0.00159489633173844	0	0.00199668403416713	461	8	0.00159489633173844	0	0.00199668403416713
Goethe Univ Frankfurt	-0.2096	-0.1723	9	2	40	197	4	0.00126262626262626	0	0.00118124122555442	197	4	0.00126262626262626	0	0.00118124122555442
Grad Univ Adv Studies - Japan	-0.0505	0.6375	15	5	306	234	10	0.00138888888888889	5.51866845134974	0.00226294395859165	234	10	0.00138888888888889	5.51866845134974	0.00226294395859165
Heidelberg Univ	-0.4496	0.1667	12	5	202	223	10	0.0016260162601626	0	0.00224515181048237	223	10	0.0016260162601626	0	0.00224515181048237
Hokkaido Univ	-0.0405	0.5957	15	9	518	1229	18	0.00140449438202247	52.1011176932403	0.00374700874775868	1229	18	0.00140449438202247	52.1011176932403	0.00374700874775868
IFREMER	-0.473	0.5065	6	3	132	375	6	0.00143884892086331	0	0.0014900630169857	375	6	0.00143884892086331	0	0.0014900630169857
INRAE - France	-0.6368	0.5714	6	1	34	93	2	0.00136425648021828	0	0.000889956865288189	93	2	0.00136425648021828	0	0.000889956865288189
Imperial Coll London	0.0142	-0.2234	2	19	606	397	38	0.00169779286926995	40.2237192757464	0.00624285527380482	397	38	0.00169779286926995	40.2237192757464	0.00624285527380482
Inst Antartico Argentino	-0.8235	-0.6059	8	8	758	765	16	0.00164473684210526	280.702743025472	0.00400177079148743	765	16	0.00164473684210526	280.702743025472	0.00400177079148743
Inst Atmospher Phys - Chinese Acad Sci	2.8617	0.2844	11	1	56	368	2	0.00111358574610245	0	0.00130391685460158	368	2	0.00111358574610245	0	0.00130391685460158
Inst Ecology & Environment - CNRS	-0.3336	0.4171	6	11	676	643	22	0.00165837479270315	5.45701422446432	0.00401296211036184	643	22	0.00165837479270315	5.45701422446432	0.00401296211036184
Inst Geol & Geophys - Chinese Acad Sci	2.8622	0.2836	11	1	80	153	2	0.00111358574610245	0	0.00130391685460158	153	2	0.00111358574610245	0	0.00130391685460158
Inst Marine Sci ICM - CSIC	-0.5287	-0.4746	8	5	412	450	10	0.00160513643659711	7.21154401154401	0.00241192670554477	450	10	0.00160513643659711	7.21154401154401	0.00241192670554477
Inst Oceanol - Polish Acad Sci	-0.6685	-0.6463	8	2	78	1059	4	0.00108342361863489	0	0.00181462713137215	1059	4	0.00108342361863489	0	0.00181462713137215
Inst Tibetan Plateau Research - Chinese Acad Sci	2.8616	0.2835	11	1	32	68	2	0.00111358574610245	0	0.00130391685460158	68	2	0.00111358574610245	0	0.00130391685460158
Ist Nazl Geofis & Vulcanol	-0.0435	0.0506	5	10	280	367	20	0.0015552099533437	123.253625737697	0.00389339729674996	367	20	0.0015552099533437	123.253625737697	0.00389339729674996
JAMSTEC	0.0069	0.3475	15	13	398	1018	26	0.00170357751277683	75.5655695671064	0.0046753941986738	1018	26	0.00170357751277683	75.5655695671064	0.0046753941986738
KIOST	0.1619	0.8577	7	2	178	408	4	0.001194743130227	0	0.00171088416938147	408	4	0.001194743130227	0	0.00171088416938147
KOPRI	0.1544	0.829	7	10	446	1084	20	0.00173010380622837	567.036592543441	0.00483810956968298	1084	20	0.00173010380622837	567.036592543441	0.00483810956968298
KU Louvain	-0.3351	0.3511	12	5	112	315	10	0.00155038759689922	0.19484126984127	0.00210669384425025	315	10	0.00155038759689922	0.19484126984127	0.00210669384425025
Kyoto Univ	-0.0955	0.7823	15	2	70	239	4	0.00119760479041916	0	0.00164954974500885	239	4	0.00119760479041916	0	0.00164954974500885
Kyushu Univ	-0.0948	0.7495	15	1	48	182	2	0.00119617224880383	0	0.000948491103380337	182	2	0.00119617224880383	0	0.000948491103380337
Laboratoire dEtudes en Geophysique et oceanographie spatiales - CNRS	-0.4713	0.5474	6	4	206	254	8	0.00144300144300144	5.68195808450385	0.00193242095387674	254	8	0.00144300144300144	5.68195808450385	0.00193242095387674
Lamont Doherty Earth Observ	0.5083	-0.0588	3	2	174	330	4	0.0013262599469496	0	0.00118860157780745	330	4	0.0013262599469496	0	0.00118860157780745
Lancaster Univ	-0.6308	-0.8353	4	1	34	312	2	0.00149700598802395	0	0.000912704476332438	312	2	0.00149700598802395	0	0.000912704476332438
Lawrence Berkeley Natl Lab	0.5364	-0.0913	1	1	32	167	2	0.000997008973080758	0	0.00101359433309305	167	2	0.000997008973080758	0	0.00101359433309305
Lomonosov Moscow State Univ	-1.513	0.7875	10	2	92	1478	4	0.00114155251141553	0	0.00169478980665295	1478	4	0.00114155251141553	0	0.00169478980665295
Louisiana State Univ	0.5662	-0.1376	1	1	32	318	2	0.000991080277502478	0	0.00101784168565226	318	2	0.000991080277502478	0	0.00101784168565226
MIT	0.6241	-0.0824	3	3	120	643	6	0.00133155792276964	0	0.00149029667298244	643	6	0.00133155792276964	0	0.00149029667298244
Macquarie Univ	-0.0968	0.2164	16	8	452	465	16	0.00163398692810458	0.545634920634921	0.00305042248230169	465	16	0.00163398692810458	0.545634920634921	0.00305042248230169
Marine Biol Lab - US	0.6121	-0.102	3	1	54	242	2	0.00123304562268804	0	0.000899955399662873	242	2	0.00123304562268804	0	0.000899955399662873
Max Planck Inst Marine Microbiol	-0.0674	0.0588	3	1	24	151	2	0.00112233445566779	0	0.000929543480773044	151	2	0.00112233445566779	0	0.000929543480773044
Max Planck Society	-0.0664	0.0567	3	9	252	1153	18	0.00158478605388273	264.76132763942	0.00378025831907103	1153	18	0.00158478605388273	264.76132763942	0.00378025831907103
McGill Univ	0.6713	-0.1836	1	2	54	1017	4	0.00126422250316056	0	0.00154214087474012	1017	4	0.00126422250316056	0	0.00154214087474012
Met Office - UK	-0.6056	-0.8471	4	1	26	160	2	0.00149700598802395	0	0.000912704476332438	160	2	0.00149700598802395	0	0.000912704476332438
Monash Univ	0.0041	0.1112	14	4	116	254	8	0.00156739811912226	12.6158628091874	0.00190997442236619	254	8	0.00156739811912226	12.6158628091874	0.00190997442236619
Montana State Univ	0.5597	-0.1358	1	5	154	297	10	0.0013351134846462	260	0.00261954471576684	297	10	0.0013351134846462	260	0.00261954471576684
Museum Natl Hist Nat - France	-0.3359	0.3768	6	12	668	462	24	0.00164473684210526	17.215402648607	0.00432110508105264	462	24	0.00164473684210526	17.215402648607	0.00432110508105264
NASA	0.5637	-0.1527	1	31	1258	2239	62	0.0018796992481203	1257.44088963162	0.0114594935166186	2239	62	0.0018796992481203	1257.44088963162	0.0114594935166186
NCAR	0.5677	-0.0744	1	6	172	827	12	0.00141242937853107	0.25	0.00234604173948796	827	12	0.00141242937853107	0.25	0.00234604173948796
NERC National Oceanography Centre	-0.071	-0.2019	4	47	2478	1617	94	0.00191938579654511	909.327144309536	0.0161322217422537	1617	94	0.00191938579654511	909.327144309536	0.0161322217422537
NIPR	-0.0928	0.6959	15	22	1160	1315	44	0.00173611111111111	1376.55836615693	0.00973104050233417	1315	44	0.00173611111111111	1376.55836615693	0.00973104050233417
NOAA	0.8108	0.0146	3	32	1544	4451	64	0.00186915887850467	953.420319954982	0.0118591548839514	4451	64	0.00186915887850467	953.420319954982	0.0118591548839514
NPI	-0.3246	-0.047	9	16	564	2776	32	0.00175438596491228	93.2034295420083	0.00600810055844149	2776	32	0.00175438596491228	93.2034295420083	0.00600810055844149
Nagoya Univ	-0.064	0.6775	15	2	76	374	4	0.00119904076738609	0	0.00130237526289009	374	4	0.00119904076738609	0	0.00130237526289009
Nanjing Univ	2.8657	0.2878	11	2	44	181	4	0.00111482720178372	0	0.00201322596327272	181	4	0.00111482720178372	0	0.00201322596327272
Natl Inst Adv Ind Sci & Technol AIST - Japan	-0.0942	0.7495	15	1	42	136	2	0.00119617224880383	0	0.000948491103380337	136	2	0.00119617224880383	0	0.000948491103380337
Natl Inst Earth Sciences & Astronomy - CNRS	-0.4383	0.4462	6	23	1552	1468	46	0.00172413793103448	225.988106339034	0.00823348558604205	1468	46	0.00172413793103448	225.988106339034	0.00823348558604205
Natl Inst Water & Atmospher Res NIWA	0.0065	0.0672	5	17	646	642	34	0.00173611111111111	93.9712966137809	0.00588105094966495	642	34	0.00173611111111111	93.9712966137809	0.00588105094966495
Natl Marine Fisheries Serv - US	0.8893	0.0214	3	1	66	401	2	0.00125786163522013	0	0.000887527885576988	401	2	0.00125786163522013	0	0.000887527885576988
Natl Oceanog Ctr - UK	-0.0539	-0.2941	4	8	660	642	16	0.0016750418760469	14.5347975997433	0.00316205038253514	642	16	0.0016750418760469	14.5347975997433	0.00316205038253514
Natural Environment Research Council NERC	-0.3468	-0.4948	2	4	460	574	8	0.00156985871271586	4.96391941391941	0.0019035413370974	574	8	0.00156985871271586	4.96391941391941	0.0019035413370974
Natural History Museum London	-0.6562	-0.6334	8	4	122	425	8	0.00150602409638554	131.173374613003	0.00280518415414923	425	8	0.00150602409638554	131.173374613003	0.00280518415414923
Newcastle Univ	-0.1184	-0.3864	2	8	286	438	16	0.00159489633173844	2.24549838728598	0.00301895562091064	438	16	0.00159489633173844	2.24549838728598	0.00301895562091064
Niels Bohr Inst	-0.2943	0.162	12	13	652	636	26	0.00169779286926995	8.98744745221207	0.00456195582369313	636	26	0.00169779286926995	8.98744745221207	0.00456195582369313
Norwegian Inst Marine Res	-0.6421	-0.8387	4	1	26	1453	2	0.00149700598802395	0	0.000912704476332438	1453	2	0.00149700598802395	0	0.000912704476332438
Ohio State Univ	0.3656	-0.0833	1	33	1184	1810	66	0.00183150183150183	713.61110386204	0.0112330635449638	1810	66	0.00183150183150183	713.61110386204	0.0112330635449638
Old Dominion Univ	0.4618	-0.0979	13	5	134	555	10	0.00155763239875389	0.46772068511199	0.00212081477993452	555	10	0.00155763239875389	0.46772068511199	0.00212081477993452
Open Univ	-0.6116	-0.8662	4	1	82	247	2	0.00149700598802395	0	0.000912704476332438	247	2	0.00149700598802395	0	0.000912704476332438
Oregon State Univ	0.3026	-0.0316	1	26	812	1508	52	0.00183150183150183	272.763764325302	0.00862773964809475	1508	52	0.00183150183150183	272.763764325302	0.00862773964809475
PRIC	2.8578	0.2877	11	5	150	412	10	0.00133868808567604	117.062254707535	0.00417240652159949	412	10	0.00133868808567604	117.062254707535	0.00417240652159949
Penn State Univ	0.4333	-0.0782	1	22	798	1058	44	0.00167224080267559	81.9678282739037	0.00720987765794007	1058	44	0.00167224080267559	81.9678282739037	0.00720987765794007
Plymouth Marine Lab	-0.2314	-0.5921	4	4	132	237	8	0.00152905198776758	2.88535353535353	0.00206341401053173	237	8	0.00152905198776758	2.88535353535353	0.00206341401053173
Polish Acad Sci	-0.6684	-0.6466	8	3	120	2159	6	0.00150375939849624	128.326625386997	0.00228002263992148	2159	6	0.00150375939849624	128.326625386997	0.00228002263992148
Princeton Univ	0.2624	0.015	3	12	458	511	24	0.00152905198776758	21.5983366674659	0.00426039645240836	511	24	0.00152905198776758	21.5983366674659	0.00426039645240836
Research lnstitute of Fisheries & Oceanography - RAS	-1.5155	0.7707	10	3	68	630	6	0.00153374233128834	105.46545679386	0.00215191624808352	630	6	0.00153374233128834	105.46545679386	0.00215191624808352
Royal Holloway Univ London	-0.5874	-0.6275	8	3	94	342	6	0.0015220700152207	1.74646464646465	0.00183981714779116	342	6	0.0015220700152207	1.74646464646465	0.00183981714779116
Royal Netherlands Inst Sea Res NIOZ	-0.0642	-0.1206	9	13	536	714	26	0.00168067226890756	19.7734217159551	0.0046172044011996	714	26	0.00168067226890756	19.7734217159551	0.0046172044011996
Royal Netherlands Meteorol Inst	-0.2199	-0.2087	9	1	64	251	2	0.00125786163522013	0	0.000869769655033687	251	2	0.00125786163522013	0	0.000869769655033687
Ruprecht Karls Univ Heidelberg	-0.4485	0.1661	12	5	228	402	10	0.0016260162601626	0	0.00224515181048305	402	10	0.0016260162601626	0	0.00224515181048305
Russian Acad Sci	-1.4698	0.7637	10	16	732	7994	32	0.00162074554294976	1554.70589006705	0.00973228753138098	7994	32	0.00162074554294976	1554.70589006705	0.00973228753138098
Rutgers State Univ	0.3998	-0.0958	13	9	304	549	18	0.0016	30.1106435231435	0.00335704350120388	549	18	0.0016	30.1106435231435	0.00335704350120388
Sapienza Univ	-0.2129	0.2239	5	1	28	176	2	0.000911577028258888	0	0.00111826011914537	176	2	0.000911577028258888	0	0.00111826011914537
Senckenberg Gesellschaft fur Naturforschung SGN	-1.0991	0.4581	10	1	26	287	2	0.00115340253748558	0	0.00102609991124454	287	2	0.00115340253748558	0	0.00102609991124454
Seoul Natl Univ	0.1622	0.8585	7	2	144	269	4	0.001194743130227	0	0.0017108841693821	269	4	0.001194743130227	0	0.0017108841693821
Severtsov Inst Ecol & Evolut - RAS	-1.5176	0.7737	10	2	46	344	4	0.00118906064209275	0	0.00169925646269939	344	4	0.00118906064209275	0	0.00169925646269939
Shirshov Inst Oceanol - RAS	-1.5059	0.7827	10	3	256	1862	6	0.00146198830409357	56.2625957719036	0.00213615157968434	1862	6	0.00146198830409357	56.2625957719036	0.00213615157968434
Smithsonian Inst	0.5447	-0.2781	1	1	22	303	2	0.00111358574610245	0	0.00100312817580734	303	2	0.00111358574610245	0	0.00100312817580734
Sorbonne Univ	-0.4182	0.426	6	10	606	689	20	0.00166666666666667	2.9980473037399	0.00366062043740362	689	20	0.00166666666666667	2.9980473037399	0.00366062043740362
St Petersburg State Univ	-1.205	0.6816	10	2	50	883	4	0.00120481927710843	0	0.00147933880383868	883	4	0.00120481927710843	0	0.00147933880383868
Stanford Univ	0.2618	-0.0969	13	23	640	878	46	0.00175131348511384	195.851707190927	0.00775870050652704	878	46	0.00175131348511384	195.851707190927	0.00775870050652704
State Ocean Adm China	2.8661	0.2882	11	2	56	611	4	0.00111482720178372	0	0.00201322596327272	611	4	0.00111482720178372	0	0.00201322596327272
State Univ New York	1.2191	-0.2058	3	2	142	380	4	0.00123609394313968	260	0.00217079705837804	380	4	0.00123609394313968	260	0.00217079705837804
State Univ New York Stony Brook	1.2267	-0.2071	3	1	112	235	2	0.000935453695042095	0	0.00149510783378255	235	2	0.000935453695042095	0	0.00149510783378255
Stockholm Univ	-0.3909	0.0975	12	10	386	1845	20	0.00164744645799012	260.909523809524	0.00415122739430975	1845	20	0.00164744645799012	260.909523809524	0.00415122739430975
Swansea Univ	-0.3952	-0.4319	2	4	132	403	8	0.0016	7.24660894660894	0.00201612954999503	403	8	0.0016	7.24660894660894	0.00201612954999503
Swedish Museum Nat Hist	-0.8436	-0.6643	8	2	58	508	4	0.0015015015015015	0	0.00129268229961985	508	4	0.0015015015015015	0	0.00129268229961985
Texas A&M Univ	0.1955	-0.1653	2	10	260	550	20	0.00143884892086331	2.68410496313722	0.00342174405987789	550	20	0.00143884892086331	2.68410496313722	0.00342174405987789
Tohoku Univ	-0.0955	0.783	15	2	54	169	4	0.00119760479041916	0	0.00164954974500827	169	4	0.00119760479041916	0	0.00164954974500827
UHI Millenium Inst	-0.0921	-0.3408	4	4	144	287	8	0.00152905198776758	0	0.00182513038340817	287	8	0.00152905198776758	0	0.00182513038340817
UK Centre for Ecology & Hydrology UKCEH	-0.6179	-0.841	4	1	20	139	2	0.00149700598802395	0	0.000912704476332438	139	2	0.00149700598802395	0	0.000912704476332438
US Geol Survey	0.4715	-0.113	1	16	520	2283	32	0.00164473684210526	55.7770028668089	0.00540847049297732	2283	32	0.00164473684210526	55.7770028668089	0.00540847049297732
Univ Aberdeen	-0.5988	-0.8717	4	1	76	558	2	0.00149700598802395	0	0.000912704476332438	558	2	0.00149700598802395	0	0.000912704476332438
Univ Adelaide	-0.0034	0.0967	14	3	92	263	6	0.0013550135501355	0	0.00159287841876515	263	6	0.0013550135501355	0	0.00159287841876515
Univ Alabama	0.3217	-0.0089	1	4	158	316	8	0.00132275132275132	2.02765469824293	0.00177674718462178	316	8	0.00132275132275132	2.02765469824293	0.00177674718462178
Univ Alaska	0.4547	-0.0163	13	2	202	1998	4	0.00131926121372032	0	0.00118607976779303	1998	4	0.00131926121372032	0	0.00118607976779303
Univ Alaska Anchorage	0.4492	-0.0512	13	3	88	350	6	0.00126262626262626	0	0.00144217091182945	350	6	0.00126262626262626	0	0.00144217091182945
Univ Alaska Fairbanks	0.4421	-0.024	13	12	486	4962	24	0.00165837479270315	101.839299026407	0.00440377581168688	4962	24	0.00165837479270315	101.839299026407	0.00440377581168688
Univ Alberta	0.148	-0.0155	5	3	72	1581	6	0.0014903129657228	0.575662641452115	0.00148123969837773	1581	6	0.0014903129657228	0.575662641452115	0.00148123969837773
Univ Auckland	0.0952	0.0279	5	5	142	257	10	0.00131752305665349	0.74491341991342	0.00200636032500182	257	10	0.00131752305665349	0.74491341991342	0.00200636032500182
Univ Austral Chile	-1.3557	0.4687	7	1	46	165	2	0.00105263157894737	0	0.00129620977863272	165	2	0.00105263157894737	0	0.00129620977863272
Univ Barcelona	-0.5855	-0.5548	8	4	164	383	8	0.00152671755725191	3.59321387247084	0.00223650226983553	383	8	0.00152671755725191	3.59321387247084	0.00223650226983553
Univ Bergen	-0.4794	-0.1548	9	5	276	2900	10	0.0016	0.866666666666667	0.00233311025219569	2900	10	0.0016	0.866666666666667	0.00233311025219569
Univ Bern	-0.2817	0.146	12	15	696	735	30	0.00169491525423729	24.8249827658765	0.00541790633424049	735	30	0.00169491525423729	24.8249827658765	0.00541790633424049
Univ Birmingham	-0.583	-0.863	4	1	52	270	2	0.00149700598802395	0	0.000912704476332438	270	2	0.00149700598802395	0	0.000912704476332438
Univ Bonn	-0.6005	0.0346	7	1	22	223	2	0.00144092219020173	0	0.000898838136753002	223	2	0.00144092219020173	0	0.000898838136753002
Univ Bordeaux	-0.4811	0.4714	6	4	244	345	8	0.00136986301369863	0	0.00178911192164462	345	8	0.00136986301369863	0	0.00178911192164462
Univ Bremen	-0.1906	-0.1394	9	15	842	1693	30	0.00169204737732657	106.673802136827	0.00549655712685074	1693	30	0.00169204737732657	106.673802136827	0.00549655712685074
Univ Bristol	-0.0726	-0.363	2	22	784	1245	44	0.0017636684303351	97.4789821594774	0.00750980170396246	1245	44	0.0017636684303351	97.4789821594774	0.00750980170396246
Univ British Columbia	-0.2399	0.0748	16	4	130	1082	8	0.00163132137030995	0	0.00183647525558684	1082	8	0.00163132137030995	0	0.00183647525558684
Univ Buenos Aires	-0.8561	-0.6348	8	3	470	469	6	0.00144927536231884	0	0.00170400410663514	469	6	0.00144927536231884	0	0.00170400410663514
Univ Calif Berkeley	0.5314	-0.091	1	5	128	482	10	0.00134589502018843	260.188888888889	0.00259456028894785	482	10	0.00134589502018843	260.188888888889	0.00259456028894785
Univ Calif Davis	-0.0292	0.0342	5	2	50	403	4	0.00117096018735363	0.25	0.0012580431768334	403	4	0.00117096018735363	0.25	0.0012580431768334
Univ Calif Irvine	0.5012	-0.2729	1	8	304	746	16	0.00158478605388273	65.7229200620782	0.00336283611081568	746	16	0.00158478605388273	65.7229200620782	0.00336283611081568
Univ Calif Los Angeles	0.5115	-0.2818	1	2	74	475	4	0.00122699386503067	0	0.0012432008433789	475	4	0.00122699386503067	0	0.0012432008433789
Univ Calif San Diego	0.2875	-0.0596	3	56	2188	2104	112	0.00197628458498024	1314.50233616696	0.0185628695159176	2104	112	0.00197628458498024	1314.50233616696	0.0185628695159176
Univ Calif Santa Barbara	0.3936	-0.0885	13	33	1638	1224	66	0.00186567164179104	433.108865667267	0.010829070445036	1224	66	0.00186567164179104	433.108865667267	0.010829070445036
Univ Calif Santa Cruz	0.3954	-0.0824	13	24	1214	728	48	0.00175746924428823	162.119367067028	0.00787163591977615	728	48	0.00175746924428823	162.119367067028	0.00787163591977615
Univ Cambridge	-0.1699	-0.2909	2	16	770	1725	32	0.00173913043478261	52.7567459986777	0.0056121179493509	1725	32	0.00173913043478261	52.7567459986777	0.0056121179493509
Univ Canterbury	-0.0169	0.0175	5	8	220	338	16	0.00163132137030995	157.920147087513	0.00333727362483265	338	16	0.00163132137030995	157.920147087513	0.00333727362483265
Univ Cape Town	-0.1961	0.0073	9	6	224	532	12	0.00164473684210526	0.743091321171291	0.00247312277219218	532	12	0.00164473684210526	0.743091321171291	0.00247312277219218
Univ Chicago	0.5109	-0.2846	1	1	30	243	2	0.00122549019607843	0	0.000885899506605514	243	2	0.00122549019607843	0	0.000885899506605514
Univ Chile	-1.3321	0.4622	7	3	84	279	6	0.00156494522691706	43.6115067938597	0.00195383295230876	279	6	0.00156494522691706	43.6115067938597	0.00195383295230876
Univ Chinese Acad Sci	2.8621	0.2841	11	1	104	355	2	0.00111358574610245	0	0.00130391685460158	355	2	0.00111358574610245	0	0.00130391685460158
Univ Coll London	-0.2919	-0.4262	2	3	154	734	6	0.0015015015015015	0.25	0.00159498569782486	734	6	0.0015015015015015	0.25	0.00159498569782486
Univ Cologne	-0.6032	0.0291	7	1	36	296	2	0.00144092219020173	0	0.000898838136753002	296	2	0.00144092219020173	0	0.000898838136753002
Univ Colorado	0.4617	-0.08	1	44	1722	3377	88	0.00194174757281553	1331.77329273656	0.0150628461072938	3377	88	0.00194174757281553	1331.77329273656	0.0150628461072938
Univ Complutense	-0.093	-0.1089	14	4	206	191	8	0.00125944584382872	1.84753853232114	0.00216253785093295	191	8	0.00125944584382872	1.84753853232114	0.00216253785093295
Univ Concepcion	-1.351	0.4671	7	3	92	262	6	0.00144927536231884	264.904700854701	0.00255420245174419	262	6	0.00144927536231884	264.904700854701	0.00255420245174419
Univ Copenhagen	-0.2706	0.1488	12	18	854	3431	36	0.0017825311942959	43.4943131320043	0.00611973696183114	3431	36	0.0017825311942959	43.4943131320043	0.00611973696183114
Univ Ctr Svalbard UNIS	-0.5942	-0.8546	4	1	24	1683	2	0.00149700598802395	0	0.000912704476332438	1683	2	0.00149700598802395	0	0.000912704476332438
Univ Delaware	-0.0441	-0.0606	14	1	30	359	2	0.00112866817155756	0	0.000975446835519104	359	2	0.00112866817155756	0	0.000975446835519104
Univ East Anglia	0.0263	-0.2693	4	10	520	721	20	0.00167785234899329	10.1287464153568	0.00369240583542591	721	20	0.00167785234899329	10.1287464153568	0.00369240583542591
Univ Edinburgh	-0.1154	-0.391	2	10	366	916	20	0.00163132137030995	5.61139925773375	0.00362235126729055	916	20	0.00163132137030995	5.61139925773375	0.00362235126729055
Univ Exeter	-0.1193	-0.3524	2	12	434	417	24	0.0016260162601626	14.9627533489588	0.00434782545705336	417	24	0.0016260162601626	14.9627533489588	0.00434782545705336
Univ Florence	-0.2949	0.2112	12	10	370	309	20	0.00164744645799012	2.79102564102564	0.00371434137940687	309	20	0.00164744645799012	2.79102564102564	0.00371434137940687
Univ Florida	0.3371	-0.0639	3	1	22	353	2	0.00130548302872063	0	0.00085427692483866	353	2	0.00130548302872063	0	0.00085427692483866
Univ Genoa	-0.197	0.2148	5	6	200	445	12	0.00152439024390244	66.7142706636024	0.00274008693918709	445	12	0.00152439024390244	66.7142706636024	0.00274008693918709
Univ Georgia	0.3824	-0.0987	13	3	62	338	6	0.00131926121372032	0.166666666666667	0.00146729457615448	338	6	0.00131926121372032	0.166666666666667	0.00146729457615448
Univ Ghent	-0.3495	-0.668	2	4	344	371	8	0.00159489633173844	0	0.00199668403416649	371	8	0.00159489633173844	0	0.00199668403416649
Univ Gothenburg	0.1112	0.7944	7	2	50	1068	4	0.00144717800289436	0	0.00131007745017525	1068	4	0.00144717800289436	0	0.00131007745017525
Univ Gottingen	-0.6068	0.0333	7	1	26	151	2	0.00144092219020173	0	0.000898838136753002	151	2	0.00144092219020173	0	0.000898838136753002
Univ Grenoble Alpes	-0.3969	0.2819	12	20	1206	1039	40	0.00174216027874564	79.8292225227216	0.00699961816657207	1039	40	0.00174216027874564	79.8292225227216	0.00699961816657207
Univ Groningen	-0.0425	-0.1369	9	5	230	541	10	0.00160771704180064	0	0.00212490281803365	541	10	0.00160771704180064	0	0.00212490281803365
Univ Hamburg	-1.0894	0.4538	10	6	212	1053	12	0.00164744645799012	284.834739504453	0.00320174701604214	1053	12	0.00164744645799012	284.834739504453	0.00320174701604214
Univ Hawaii	0.4849	-0.0885	3	3	78	345	6	0.00133689839572193	0	0.00146064384290034	345	6	0.00133689839572193	0	0.00146064384290034
Univ Hawaii Manoa	0.1545	-0.1562	3	2	54	275	4	0.00136239782016349	0	0.00114602987124044	275	4	0.00136239782016349	0	0.00114602987124044
Univ Illinois	0.5392	-0.1257	1	3	86	558	6	0.00131233595800525	0.199889876205666	0.00149051414094669	558	6	0.00131233595800525	0.199889876205666	0.00149051414094669
Univ Innsbruck	-0.6337	-0.464	8	4	86	307	8	0.0016025641025641	1.05	0.00196146224676841	307	8	0.0016025641025641	1.05	0.00196146224676841
Univ Kansas	0.5395	-0.2747	1	6	138	549	12	0.00156739811912226	260.742042168358	0.00303959358942661	549	12	0.00156739811912226	260.742042168358	0.00303959358942661
Univ Kiel	-0.0847	-0.1076	14	6	248	1253	12	0.00161030595813205	104.45881390553	0.00289329247967294	1253	12	0.00161030595813205	104.45881390553	0.00289329247967294
Univ Laval	-0.4859	0.5015	6	2	54	1632	4	0.00136612021857924	0	0.00119186473288839	1632	4	0.00136612021857924	0	0.00119186473288839
Univ Leeds	-0.3182	-0.4385	2	8	330	850	16	0.00161030595813205	38.7194042069042	0.00361541134526073	850	16	0.00161030595813205	38.7194042069042	0.00361541134526073
Univ Leicester	-0.3144	-0.4603	2	3	132	407	6	0.0015015015015015	0	0.00167848806481329	407	6	0.0015015015015015	0	0.00167848806481329
Univ Libre Brussels	-0.3042	0.2508	6	16	546	490	32	0.00169491525423729	20.4467557034184	0.00551544667646614	490	32	0.00169491525423729	20.4467557034184	0.00551544667646614
Univ Liege	-0.369	0.3388	6	6	196	410	12	0.00154320987654321	0	0.00241129804205271	410	12	0.00154320987654321	0	0.00241129804205271
Univ Lisboa	-0.5845	-0.8738	4	1	26	219	2	0.00149700598802395	0	0.000912704476332438	219	2	0.00149700598802395	0	0.000912704476332438
Univ Liverpool	-0.3078	-0.3212	4	3	114	282	6	0.0016	0	0.0015307764755145	282	6	0.0016	0	0.0015307764755145
Univ London	-0.5906	-0.632	8	2	58	262	4	0.00149925037481259	0	0.00143398600153913	262	4	0.00149925037481259	0	0.00143398600153913
Univ London Imperial Coll Sci & Technol	-0.0065	-0.2514	2	6	238	238	12	0.00157232704402516	0	0.00237476295988318	238	12	0.00157232704402516	0	0.00237476295988318
Univ Maine	0.3766	-0.0756	1	17	530	907	34	0.00171526586620926	392.161526840802	0.00629347315571242	907	34	0.00171526586620926	392.161526840802	0.00629347315571242
Univ Manchester	-0.6236	-0.8593	4	1	28	226	2	0.00149700598802395	0	0.000912704476332438	226	2	0.00149700598802395	0	0.000912704476332438
Univ Maryland	0.5985	-0.1517	1	3	138	868	6	0.00136612021857924	0	0.00146636398092001	868	6	0.00136612021857924	0	0.00146636398092001
Univ Massachusetts	0.4186	-0.0682	1	5	146	657	10	0.00137174211248285	0.416666666666667	0.00202706676236056	657	10	0.00137174211248285	0.416666666666667	0.00202706676236056
Univ Melbourne	0	0.101	14	5	164	344	10	0.00136986301369863	2.1577380952381	0.00235187187976698	344	10	0.00136986301369863	2.1577380952381	0.00235187187976698
Univ Miami	0.7598	-0.0019	3	2	46	337	4	0.0013262599469496	0	0.00117617406372157	337	4	0.0013262599469496	0	0.00117617406372157
Univ Milan	-0.1877	0.1808	5	7	220	251	14	0.0015220700152207	92.2396856418545	0.0030635855947747	251	14	0.0015220700152207	92.2396856418545	0.0030635855947747
Univ Minnesota	-0.0376	-0.0288	14	2	42	527	4	0.00119189511323004	0	0.00130016278810297	527	4	0.00119189511323004	0	0.00130016278810297
Univ Montpellier	-0.6413	0.5695	6	1	46	149	2	0.00136425648021828	0	0.000889956865288189	149	2	0.00136425648021828	0	0.000889956865288189
Univ Munich	-0.604	0.0388	7	1	24	211	2	0.00144092219020173	0	0.000898838136753002	211	2	0.00144092219020173	0	0.000898838136753002
Univ N Carolina	2.4305	0.2257	11	2	42	283	4	0.00127551020408163	34.9615064082863	0.00175950272925322	283	4	0.00127551020408163	34.9615064082863	0.00175950272925322
Univ Naples Federico II	-0.2037	0.2207	5	2	62	135	4	0.00118203309692671	0	0.00130377774015449	135	4	0.00118203309692671	0	0.00130377774015449
Univ Nebraska	0.0415	-0.0284	5	8	234	354	16	0.00148148148148148	8.50072103442981	0.00299752143229417	354	16	0.00148148148148148	8.50072103442981	0.00299752143229417
Univ Nevada	0.563	-0.1215	1	3	152	321	6	0.00131926121372032	0	0.00149216445549764	321	6	0.00131926121372032	0	0.00149216445549764
Univ New Hampshire	0.5284	-0.082	1	1	20	735	2	0.00129032258064516	0	0.000863505883772056	735	2	0.00129032258064516	0	0.000863505883772056
Univ New South Wales	0.0916	-0.0059	5	18	580	467	36	0.00177304964539007	77.2039418280145	0.00606746137097778	467	36	0.00177304964539007	77.2039418280145	0.00606746137097778
Univ Oslo	-0.3497	-0.0692	9	2	62	2791	4	0.00149925037481259	0	0.00123188481849888	2791	4	0.00149925037481259	0	0.00123188481849888
Univ Otago	0.0682	0.0184	5	18	634	733	36	0.00170068027210884	92.6747020260238	0.00620608397033609	733	36	0.00170068027210884	92.6747020260238	0.00620608397033609
Univ Ottawa	0.6714	-0.1836	1	2	52	693	4	0.00126422250316056	0	0.00154214087474065	693	4	0.00126422250316056	0	0.00154214087474065
Univ Oxford	-0.1303	-0.3704	4	3	156	687	6	0.00152671755725191	0	0.00148916253026462	687	6	0.00152671755725191	0	0.00148916253026462
Univ Paris	-0.6378	0.5665	6	1	46	281	2	0.00136425648021828	0	0.000889956865288189	281	2	0.00136425648021828	0	0.000889956865288189
Univ Pierre & Marie Curie	-0.4118	0.4339	6	19	1468	1108	38	0.00170068027210884	111.445321973894	0.00674852880519827	1108	38	0.00170068027210884	111.445321973894	0.00674852880519827
Univ Pisa	-0.2104	0.2196	5	4	204	298	8	0.001194743130227	260	0.00256819310669919	298	8	0.001194743130227	260	0.00256819310669919
Univ Plymouth	-0.2361	-0.601	4	2	58	309	4	0.00149925037481259	0	0.00135117995356966	309	4	0.00149925037481259	0	0.00135117995356966
Univ Pretoria	-0.2218	0.0131	9	7	250	365	14	0.00166389351081531	2.19379509379509	0.00282345243846264	365	14	0.00166389351081531	2.19379509379509	0.00282345243846264
Univ Quebec	-0.8554	-0.6285	8	1	26	1418	2	0.00115207373271889	0	0.000997707230567449	1418	2	0.00115207373271889	0	0.000997707230567449
Univ Queensland	0.1518	0.312	16	2	82	218	4	0.00136054421768707	0	0.00116997081044684	218	4	0.00136054421768707	0	0.00116997081044684
Univ Reading	-0.6349	-0.8508	4	1	36	365	2	0.00149700598802395	0	0.000912704476332438	365	2	0.00149700598802395	0	0.000912704476332438
Univ Rhode Island	0.5053	-0.0778	3	3	64	479	6	0.00135135135135135	0	0.00147035941867339	479	6	0.00135135135135135	0	0.00147035941867339
Univ S Florida	0.2822	0.0051	1	10	284	433	20	0.00167224080267559	46.5152353245318	0.00363402170289666	433	20	0.00167224080267559	46.5152353245318	0.00363402170289666
Univ Sao Paulo	-0.6422	0.5645	6	1	24	373	2	0.00136425648021828	0	0.000889956865288189	373	2	0.00136425648021828	0	0.000889956865288189
Univ Sci & Technol China	2.4866	0.2332	11	2	66	231	4	0.00112612612612613	9.5	0.0020517055145342	231	4	0.00112612612612613	9.5	0.0020517055145342
Univ Sheffield	-0.2415	-0.5271	2	2	92	654	4	0.00149925037481259	0	0.00124606962412647	654	4	0.00149925037481259	0	0.00124606962412647
Univ Siena	-0.1806	0.1886	5	13	422	447	26	0.00169779286926995	258.006902946536	0.00504807475213102	447	26	0.00169779286926995	258.006902946536	0.00504807475213102
Univ Southampton	-0.0398	-0.2485	4	33	1732	1050	66	0.00183150183150183	262.725525175086	0.0110532571159129	1050	66	0.00183150183150183	262.725525175086	0.0110532571159129
Univ Southern California	0.6121	-0.1013	3	1	30	191	2	0.00123304562268804	0	0.000899955399662873	191	2	0.00123304562268804	0	0.000899955399662873
Univ St Andrews	0.2219	-0.1413	13	8	266	451	16	0.00165289256198347	1.55915807243711	0.00299047192305979	451	16	0.00165289256198347	1.55915807243711	0.00299047192305979
Univ Stockholm	-0.4016	0.1006	12	1	74	264	2	0.00115340253748558	0	0.000925373412488264	264	2	0.00115340253748558	0	0.000925373412488264
Univ Sydney	0.039	0.345	16	1	34	203	2	0.00134048257372654	0	0.00086834424662166	203	2	0.00134048257372654	0	0.00086834424662166
Univ Tasmania	0.0071	0.2129	16	65	4266	1931	130	0.00205761316872428	2635.4668653468	0.0226219242026162	1931	130	0.00205761316872428	2635.4668653468	0.0226219242026162
Univ Texas	0.3488	-0.1081	2	21	1184	1352	42	0.00177619893428064	95.3345078368652	0.00684973783242018	1352	42	0.00177619893428064	95.3345078368652	0.00684973783242018
Univ Texas Austin	0.3419	-0.1075	2	20	1068	967	40	0.00177304964539007	65.3606821444504	0.00651766751094718	967	40	0.00177304964539007	65.3606821444504	0.00651766751094718
Univ Tokyo	-0.0145	0.5155	15	6	294	689	12	0.00137362637362637	16.0964232272681	0.00256317860631131	689	12	0.00137362637362637	16.0964232272681	0.00256317860631131
Univ Toulouse	-0.4832	0.5531	6	3	124	280	6	0.00136798905608755	0.25	0.00160487730703557	280	6	0.00136798905608755	0.25	0.00160487730703557
Univ Tromso	-0.3326	-0.0985	9	4	90	4255	8	0.0016	0	0.00185545444234012	4255	8	0.0016	0	0.00185545444234012
Univ Utrecht	-0.2011	-0.1891	9	37	1240	1643	74	0.00186915887850467	701.885287151097	0.0129391425050393	1643	74	0.00186915887850467	701.885287151097	0.0129391425050393
Univ Waikato	-0.0436	-0.0593	14	11	312	373	22	0.00159744408945687	466.925831545926	0.00521435913766932	373	22	0.00159744408945687	466.925831545926	0.00521435913766932
Univ Wales	-0.416	-0.4513	2	3	112	290	6	0.00144717800289436	6.66327561327561	0.0018807311722627	290	6	0.00144717800289436	6.66327561327561	0.0018807311722627
Univ Washington	0.3967	-0.1022	1	38	1572	3949	76	0.00186915887850467	448.598752580869	0.0123089810884779	3949	76	0.00186915887850467	448.598752580869	0.0123089810884779
Univ Western Australia	0.298	0.0119	2	4	108	252	8	0.00137174211248285	0	0.00172422297287757	252	8	0.00137174211248285	0	0.00172422297287757
Univ Wisconsin	0.4647	-0.0973	1	15	702	984	30	0.00171526586620926	10.4686892678429	0.00500042328752642	984	30	0.00171526586620926	10.4686892678429	0.00500042328752642
Univ Wisconsin Madison	0.4704	-0.0983	1	9	528	825	18	0.00160513643659711	0.348550724637681	0.0032083114868196	825	18	0.00160513643659711	0.348550724637681	0.0032083114868196
Vernadsky Inst Geochem & Analyt Chem - RAS	-1.5212	0.7931	10	2	90	295	4	0.00114155251141553	0	0.00189486410274139	295	4	0.00114155251141553	0	0.00189486410274139
Victoria Univ Wellington	0.1758	-0.0262	5	32	1202	635	64	0.00181818181818182	360.406978230988	0.0104712993401522	635	64	0.00181818181818182	360.406978230988	0.0104712993401522
Vrije Univ Amsterdam	-0.507	0.5116	6	2	48	423	4	0.00136612021857924	0	0.00119423785433676	423	4	0.00136612021857924	0	0.00119423785433676
Woods Hole Oceanog Inst	0.5507	-0.0954	3	36	1340	2442	72	0.00181488203266788	1601.58404800711	0.0138678910174959	2442	72	0.00181488203266788	1601.58404800711	0.0138678910174959
Zoo Inst - RAS	-1.5054	0.7843	10	1	52	494	2	0.00114025085518814	0	0.00108954685907656	494	2	0.00114025085518814	0	0.00108954685907656
