id	x	y	cluster	weight<Links>	weight<Total link strength>	weight<number of doc>	weight<degree centrality>	weight<closeness centrality>	weight<betweenness centrality>	weight<pagerank centrality>	score<number of doc>	score<degree centrality>	score<closeness centrality>	score<betweenness centrality>	score<pagerank centrality>
AAD	0.2934	-0.3133	7	134	9522	2217	134	0.00166112956810631	652.851266966039	0.00495638163728237	2217	134	0.00166112956810631	652.851266966039	0.00495638163728237
AARI	-0.892	0.1743	11	68	3610	1017	68	0.00149700598802395	199.860272679173	0.00272827739786857	1017	68	0.00149700598802395	199.860272679173	0.00272827739786857
AP Karpinsky Russian Geol Res Inst	-1.9313	0.1821	11	8	642	318	8	0.00122249388753056	1.83347258515698	0.000785117163908437	318	8	0.00122249388753056	1.83347258515698	0.000785117163908437
AWI	-0.1159	-0.3269	4	323	47800	10437	323	0.00242130750605327	11240.4212621614	0.0125435816896778	10437	323	0.00242130750605327	11240.4212621614	0.0125435816896778
Aarhus Univ	-0.5199	0.335	2	173	12752	2436	173	0.00177619893428064	1446.30062726886	0.0063652406199717	2436	173	0.00177619893428064	1446.30062726886	0.0063652406199717
Aberystwyth Univ	-0.6896	-0.2741	3	47	2414	596	47	0.00144092219020173	29.3031569888659	0.00193317829859893	596	47	0.00144092219020173	29.3031569888659	0.00193317829859893
Acad Sci Czech Republ	-1.1268	-0.7574	10	8	976	321	8	0.0013531799729364	0.704849156541183	0.000713039600586554	321	8	0.0013531799729364	0.704849156541183	0.000713039600586554
Aix Marseille Univ	-0.1738	-0.6669	5	68	3298	646	68	0.00149700598802395	92.2264813588297	0.00264010520720487	646	68	0.00149700598802395	92.2264813588297	0.00264010520720487
Akvaplan Niva AS	-1.1872	0.1529	2	20	1494	368	20	0.00137931034482759	8.7920215401556	0.00112270410863663	368	20	0.00137931034482759	8.7920215401556	0.00112270410863663
Alaska Dept Fish & Game	0.4348	0.926	1	13	906	391	13	0.00129366106080207	1.76467466614732	0.000852794113316703	391	13	0.00129366106080207	1.76467466614732	0.000852794113316703
Antarctic Climate & Ecosyst Cooperat Res Ctr	0.4832	-0.3599	7	62	3338	431	62	0.0014792899408284	22.2652402411666	0.00234332597309452	431	62	0.0014792899408284	22.2652402411666	0.00234332597309452
Arizona State Univ	0.681	0.3371	1	31	932	367	31	0.00141643059490085	6.99134742206371	0.00139143687862398	367	31	0.00141643059490085	6.99134742206371	0.00139143687862398
Australian Natl Univ	0.2298	-0.4575	7	98	4304	1096	98	0.00156739811912226	188.642469477832	0.00360285573466436	1096	98	0.00156739811912226	188.642469477832	0.00360285573466436
BAS	-0.1808	-0.2005	3	271	28188	6641	271	0.0021505376344086	4518.29969069259	0.00995331170714824	6641	271	0.0021505376344086	4518.29969069259	0.00995331170714824
Bangor Univ	-0.6621	-0.3021	3	25	968	317	25	0.00138504155124654	6.73888432271019	0.00120999065870047	317	25	0.00138504155124654	6.73888432271019	0.00120999065870047
Beijing Normal Univ	0.967	-0.2483	8	33	1444	425	33	0.00141043723554302	65.4702502633071	0.00168975877984848	425	33	0.00141043723554302	65.4702502633071	0.00168975877984848
Bjerknes Ctr Climate Res	-0.3375	-0.1339	2	109	7960	1108	109	0.00159489633173844	308.163912340152	0.00400396143055327	1108	109	0.00159489633173844	308.163912340152	0.00400396143055327
Boston Univ	0.5109	0.2771	1	25	834	339	25	0.0013869625520111	8.9219943234383	0.00122466738687631	339	25	0.0013869625520111	8.9219943234383	0.00122466738687631
British Geol Survey	-0.529	-0.1915	3	59	3128	760	59	0.00147710487444609	66.6438502177529	0.00235616247374479	760	59	0.00147710487444609	66.6438502177529	0.00235616247374479
Brown Univ	0.658	0.2704	1	28	974	423	28	0.00140056022408964	5.50970537562615	0.00130037271823648	423	28	0.00140056022408964	5.50970537562615	0.00130037271823648
Bureau of Meteorology - Australia	0.4524	-0.3453	7	38	1568	298	38	0.0014265335235378	5.86669320613266	0.00159999251981767	298	38	0.0014265335235378	5.86669320613266	0.00159999251981767
CALTECH	0.326	0.1122	1	182	13126	2024	182	0.00180505415162455	862.437531909456	0.00638393549895177	2024	182	0.00180505415162455	862.437531909456	0.00638393549895177
CEA - France	0.0383	-0.3518	5	164	12126	1398	164	0.00174825174825175	797.967788939694	0.00585796711794344	1398	164	0.00174825174825175	797.967788939694	0.00585796711794344
CNRS	-0.1253	-0.3185	5	316	39158	5796	316	0.00238095238095238	8200.37565384962	0.0119144543304309	5796	316	0.00238095238095238	8200.37565384962	0.0119144543304309
CONICET	-0.3464	-1.3486	10	54	3322	1541	54	0.00146627565982405	90.9988849320659	0.00228893940495169	1541	54	0.00146627565982405	90.9988849320659	0.00228893940495169
CSIC	-0.2074	-0.5396	7	201	10454	1818	201	0.00186915887850467	1716.9681153012	0.00728695957814225	1818	201	0.00186915887850467	1716.9681153012	0.00728695957814225
CSIRO	0.2835	-0.2644	7	166	11120	1539	166	0.00175438596491228	764.799402526308	0.00589329279380787	1539	166	0.00175438596491228	764.799402526308	0.00589329279380787
California State Univ	0.4187	0.3232	1	61	2576	643	61	0.00148148148148148	49.6288120501937	0.00235183667399793	643	61	0.00148148148148148	49.6288120501937	0.00235183667399793
Canadian Wildlife Serv	-0.4046	0.9664	6	43	4138	931	43	0.00142247510668563	45.7374823951542	0.00190920519158302	931	43	0.00142247510668563	45.7374823951542	0.00190920519158302
Cardiff Univ	-0.4041	-0.3096	3	50	1846	487	50	0.00144927536231884	36.3356976918172	0.00201796052910912	487	50	0.00144927536231884	36.3356976918172	0.00201796052910912
Carl von Ossietzky Univ Oldenburg	-0.5	-0.569	4	14	850	398	14	0.00133689839572193	5.40175632676842	0.000923287930512079	398	14	0.00133689839572193	5.40175632676842	0.000923287930512079
Carleton Univ	-0.4178	0.9682	6	40	2868	821	40	0.00140646976090014	38.0323311313578	0.00180706607841452	821	40	0.00140646976090014	38.0323311313578	0.00180706607841452
Charles Univ Prague	-1.0346	-0.6954	10	25	1114	359	25	0.00138312586445367	15.673103179198	0.00129704270523245	359	25	0.00138312586445367	15.673103179198	0.00129704270523245
China Meteorol Adm	1.3876	-0.417	8	17	922	298	17	0.00133333333333333	10.4089309961909	0.00110428150184787	298	17	0.00133333333333333	10.4089309961909	0.00110428150184787
China Univ Geosci	1.1626	-0.4252	8	11	474	369	11	0.00132275132275132	17.1443746940182	0.000911834862471422	369	11	0.00132275132275132	17.1443746940182	0.000911834862471422
Chinese Acad Sci	1.0643	-0.3121	8	216	20016	4875	216	0.00192307692307692	3816.62295026951	0.00821072505173389	4875	216	0.00192307692307692	3816.62295026951	0.00821072505173389
City Univ New York	0.5462	-0.0623	1	54	1748	325	54	0.00146627565982405	80.3124885614198	0.00216708116070885	325	54	0.00146627565982405	80.3124885614198	0.00216708116070885
Cold & Arid Reg Environm & Engn Res Inst - Chinese Acad Sci	1.4988	-0.4689	8	24	2908	843	24	0.00139275766016713	55.7058589605056	0.00139836704128935	843	24	0.00139275766016713	55.7058589605056	0.00139836704128935
Cold Reg Res & Engn Lab CRREL	0.7367	0.4245	1	45	2168	594	45	0.00143884892086331	13.4659749707214	0.00182606068342534	594	45	0.00143884892086331	13.4659749707214	0.00182606068342534
Colorado State Univ	0.4452	0.3509	1	102	4454	840	102	0.00157728706624606	204.495624077974	0.00370392716245443	840	102	0.00157728706624606	204.495624077974	0.00370392716245443
Columbia Univ	0.4071	-0.102	1	217	16342	2306	217	0.00192678227360308	1630.31248847192	0.00766405340963129	2306	217	0.00192678227360308	1630.31248847192	0.00766405340963129
Complutense University of Madrid	0.07	-0.8277	7	16	1350	385	16	0.00137174211248285	5.76059960093189	0.000968538471321942	385	16	0.00137174211248285	5.76059960093189	0.000968538471321942
Consiglio Nazionale delle Ricerche CNR	0.3207	-0.5913	5	122	6370	1658	122	0.00162866449511401	601.489339818932	0.00464555412814753	1658	122	0.00162866449511401	601.489339818932	0.00464555412814753
Cornell Univ	0.6188	0.3034	1	41	1244	476	41	0.00143472022955524	9.31912412467628	0.00169804235089925	476	41	0.00143472022955524	9.31912412467628	0.00169804235089925
Council of Scientific & Industrial Research CSIR - India	-0.7703	-0.6111	5	13	380	486	13	0.00135869565217391	0.292249392508839	0.000818114035513706	486	13	0.00135869565217391	0.292249392508839	0.000818114035513706
Curtin Univ	0.5159	-0.3175	7	35	1270	412	35	0.00142450142450142	28.4107213711179	0.00156859022716701	412	35	0.00142450142450142	28.4107213711179	0.00156859022716701
Czech Acad Sci	-1.0929	-0.7334	10	20	1550	567	20	0.00138888888888889	9.21501304715421	0.00112078828660665	567	20	0.00138888888888889	9.21501304715421	0.00112078828660665
Dalhousie Univ	-0.2554	0.8115	6	77	3590	897	77	0.00151285930408472	97.3358521659041	0.0029075500786968	897	77	0.00151285930408472	97.3358521659041	0.0029075500786968
Danish Meteorol Inst	-0.0378	0.0908	2	90	3652	490	90	0.00154320987654321	116.032906607157	0.0032920172908799	490	90	0.00154320987654321	116.032906607157	0.0032920172908799
Dartmouth Coll	0.6931	0.391	1	45	1826	468	45	0.00144508670520231	11.1904036014515	0.00182400110559575	468	45	0.00144508670520231	11.1904036014515	0.00182400110559575
Desert Research Institute NSHE	0.7878	0.339	1	45	2182	404	45	0.00144300144300144	11.1357154275885	0.00182560378614353	404	45	0.00144300144300144	11.1357154275885	0.00182560378614353
Duke Univ	0.7884	0.2609	1	26	832	372	26	0.0013986013986014	0.473151554883545	0.00120647760737679	372	26	0.0013986013986014	0.473151554883545	0.00120647760737679
Durham Univ	-0.5042	-0.1321	3	81	3864	971	81	0.00152439024390244	98.1977247413626	0.003016044704082	971	81	0.00152439024390244	98.1977247413626	0.003016044704082
ETH Zurich	-0.07	-0.1562	4	155	8800	1572	155	0.00172117039586919	518.301096013023	0.00544206935840589	1572	155	0.00172117039586919	518.301096013023	0.00544206935840589
Eberhard Karis Univ Tubingen	-0.0537	-0.7083	4	10	350	290	10	0.00134048257372654	0.539275047632699	0.000730169298585623	290	10	0.00134048257372654	0.539275047632699	0.000730169298585623
Environm Climate Change Canada	-0.193	0.624	6	178	13792	2275	178	0.0017921146953405	1232.6362625693	0.00636264439322997	2275	178	0.0017921146953405	1232.6362625693	0.00636264439322997
Finnish Meteorol Inst	-0.3396	0.0859	2	112	5824	983	112	0.0016025641025641	263.351530073308	0.00405441246706745	983	112	0.0016025641025641	263.351530073308	0.00405441246706745
Fisheries & Oceans Canada	-0.2855	0.7317	6	117	8816	2477	117	0.00161550888529887	533.913743897399	0.00439228258498901	2477	117	0.00161550888529887	533.913743897399	0.00439228258498901
Fisheries Research Agency - Japan	-0.3183	0.8412	9	15	858	385	15	0.00136986301369863	3.57595274487031	0.000907794166500547	385	15	0.00136986301369863	3.57595274487031	0.000907794166500547
Florida State Univ	0.6636	-0.0302	1	68	2696	503	68	0.00149700598802395	70.6853204187038	0.00259374176889867	503	68	0.00149700598802395	70.6853204187038	0.00259374176889867
Free Univ Berlin	0.3088	-0.4097	4	40	1858	518	40	0.0014367816091954	34.1881437881604	0.001743208153211	518	40	0.0014367816091954	34.1881437881604	0.001743208153211
GEOMAR Helmholtz Ctr Ocean Res Kiel	-0.2651	-0.2609	4	166	12164	1753	166	0.00175438596491228	1098.11426302587	0.00605476010154048	1753	166	0.00175438596491228	1098.11426302587	0.00605476010154048
GFZ German Res Ctr Geosci	0.0115	-0.43	4	58	2906	794	58	0.00147492625368732	198.181486942985	0.00242557185319218	794	58	0.00147492625368732	198.181486942985	0.00242557185319218
GNS Science - New Zealand	0.4706	-0.3473	7	41	1776	406	41	0.00142857142857143	31.4319612824426	0.00176019455029533	406	41	0.00142857142857143	31.4319612824426	0.00176019455029533
Geol Inst - RAS	-1.8311	0.1621	11	13	2438	896	13	0.00134589502018843	19.8117628823461	0.00102488075734126	896	13	0.00134589502018843	19.8117628823461	0.00102488075734126
Geol Survey Canada	-0.3316	0.925	6	73	3948	1414	73	0.00150829562594269	109.786669355781	0.00280054153487832	1414	73	0.00150829562594269	109.786669355781	0.00280054153487832
Geol Survey Denmark & Greenland	-0.4347	-0.0119	2	86	4460	1227	86	0.00153609831029186	102.922970436074	0.00316105207767944	1227	86	0.00153609831029186	102.922970436074	0.00316105207767944
Geol Survey Norway	-1.0025	0.1021	2	29	1590	710	29	0.00140056022408964	35.8487613855319	0.00141405637846408	710	29	0.00140056022408964	35.8487613855319	0.00141405637846408
Georgia Inst Technol	0.4352	0.0989	1	61	2718	460	61	0.00147710487444609	29.674823084886	0.00232357067778964	460	61	0.00147710487444609	29.674823084886	0.00232357067778964
German Aerosp Ctr	-0.0255	-0.1256	4	65	3222	596	65	0.00148809523809524	65.6899923857378	0.0025289637876108	596	65	0.00148809523809524	65.6899923857378	0.0025289637876108
Ghent University	-0.2949	-0.6152	10	78	3696	534	78	0.00151975683890578	141.480354656793	0.00298919334980794	534	78	0.00151975683890578	141.480354656793	0.00298919334980794
Goethe Univ Frankfurt	-0.2734	-0.4354	4	31	1282	328	31	0.00141242937853107	5.93167609612373	0.00139336241516318	328	31	0.00141242937853107	5.93167609612373	0.00139336241516318
Grad Univ Adv Studies - Japan	0.4681	1.1568	9	14	1604	404	14	0.00134589502018843	4.33494197694462	0.000916093780333757	404	14	0.00134589502018843	4.33494197694462	0.000916093780333757
Greenland Inst Nat Resources	-0.5233	0.6326	2	42	3166	656	42	0.00142450142450142	56.7184170787849	0.00186061653541533	656	42	0.00142450142450142	56.7184170787849	0.00186061653541533
Hadley Ctr - UK	0.0928	-0.0315	3	94	5144	542	94	0.00155763239875389	129.186335830265	0.00341745628864229	542	94	0.00155763239875389	129.186335830265	0.00341745628864229
Harvard Univ	0.3775	0.3162	1	92	4678	1047	92	0.0015527950310559	114.116643296804	0.00333444272792753	1047	92	0.0015527950310559	114.116643296804	0.00333444272792753
Heidelberg Univ	-0.0965	-0.6472	4	45	2522	395	45	0.00144508670520231	19.3054399824498	0.00184969970471637	395	45	0.00144508670520231	19.3054399824498	0.00184969970471637
Helmholtz-Zentrum Geesthacht - Ctr Materials & Coastal Research	-0.2641	-0.4958	4	27	1148	336	27	0.00140845070422535	11.3817950497183	0.00129498361165985	336	27	0.00140845070422535	11.3817950497183	0.00129498361165985
Hokkaido Univ	0.2209	0.8966	9	75	6092	1800	75	0.00151285930408472	141.030205173877	0.00289520279084201	1800	75	0.00151285930408472	141.030205173877	0.00289520279084201
IFREMER	-0.4216	-0.5641	5	61	3214	627	61	0.00147492625368732	50.5426712189649	0.00239288693538341	627	61	0.00147492625368732	50.5426712189649	0.00239288693538341
INRAE - France	-0.6493	-0.4401	5	15	584	306	15	0.00136239782016349	4.26761545788071	0.00090294721278442	306	15	0.00136239782016349	4.26761545788071	0.00090294721278442
Imperial Coll London	-0.0239	-0.0934	3	104	4854	603	104	0.00158227848101266	162.606713837965	0.00372190415769521	603	104	0.00158227848101266	162.606713837965	0.00372190415769521
Inst Antartico Argentino	-0.3908	-1.4622	10	10	1082	476	10	0.00135135135135135	0.891133628971586	0.000748684641930109	476	10	0.00135135135135135	0.891133628971586	0.000748684641930109
Inst Atmospher Phys - Chinese Acad Sci	1.2265	-0.383	8	45	4064	818	45	0.00144508670520231	167.567146550618	0.00218663606624735	818	45	0.00144508670520231	167.567146550618	0.00218663606624735
Inst Ecology & Environment - CNRS	-0.4376	-0.6406	5	91	5488	922	91	0.00155038759689922	213.626503354114	0.00346326291018238	922	91	0.00155038759689922	213.626503354114	0.00346326291018238
Inst Geol & Geophys - Chinese Acad Sci	1.4123	-0.4427	8	10	1010	322	10	0.00114025085518814	4.68737373737374	0.000954249947070779	322	10	0.00114025085518814	4.68737373737374	0.000954249947070779
Inst Marine Sci ICM - CSIC	-0.4317	-0.769	7	28	1752	441	28	0.00139470013947001	7.14934702703741	0.00130728199536172	441	28	0.00139470013947001	7.14934702703741	0.00130728199536172
Inst Oceanol - Polish Acad Sci	-0.9921	-0.1191	2	34	2528	558	34	0.00141843971631206	8.01346929705679	0.00150160745758362	558	34	0.00141843971631206	8.01346929705679	0.00150160745758362
Inst Tibetan Plateau Research - Chinese Acad Sci	1.4748	-0.45	8	14	1338	312	14	0.00134408602150538	19.0443418982464	0.00102779132178531	312	14	0.00134408602150538	19.0443418982464	0.00102779132178531
Ist Nazl Geofis & Vulcanol	0.4629	-0.5301	5	39	1374	416	39	0.00142857142857143	40.1522472046227	0.00174209308868357	416	39	0.00142857142857143	40.1522472046227	0.00174209308868357
JAMSTEC	0.2889	0.5702	9	121	7948	1194	121	0.0016260162601626	322.506613475318	0.00434667549921748	1194	121	0.0016260162601626	322.506613475318	0.00434667549921748
Japan Aerosp Explor Agcy JAXA	0.4249	1.0817	9	16	1296	285	16	0.00123456790123457	5.96038314096611	0.00101540244065108	285	16	0.00123456790123457	5.96038314096611	0.00101540244065108
Johannes Gutenberg Univ Mainz	0.0577	-0.2076	4	48	2126	355	48	0.00144300144300144	52.3015374991459	0.00198083148804331	355	48	0.00144300144300144	52.3015374991459	0.00198083148804331
Johns Hopkins Univ	0.1721	0.6229	9	57	2410	583	57	0.00146842878120411	56.2348607851973	0.00224889973618722	583	57	0.00146842878120411	56.2348607851973	0.00224889973618722
KIOST	1.3135	-0.1397	8	9	1136	564	9	0.00133689839572193	0.582879439401179	0.000709228195032277	564	9	0.00133689839572193	0.582879439401179	0.000709228195032277
KOPRI	1.1038	-0.1086	8	92	4762	1870	92	0.0015527950310559	196.921290057736	0.00346082125974968	1870	92	0.0015527950310559	196.921290057736	0.00346082125974968
KU Louvain	-0.1197	-0.4543	5	35	1286	406	35	0.00142045454545455	2.86485821888928	0.00148919859537512	406	35	0.00142045454545455	2.86485821888928	0.00148919859537512
Karlsruhe Inst Technol - Helmholtz Association	-0.0687	-0.1813	4	53	2614	488	53	0.00145772594752187	22.670989896034	0.00209701723589205	488	53	0.00145772594752187	22.670989896034	0.00209701723589205
Kola Sci Ctr - RAS	-1.8763	0.1974	11	9	1596	668	9	0.00121654501216545	2.08850834326524	0.000779405221177635	668	9	0.00121654501216545	2.08850834326524	0.000779405221177635
Kyoto Univ	0.4573	1.0053	9	30	2214	680	30	0.00141442715700141	35.6141605511075	0.00148429731773755	680	30	0.00141442715700141	35.6141605511075	0.00148429731773755
Kyushu Univ	0.4213	1.0646	9	21	1160	381	21	0.00137931034482759	15.1813785667833	0.0011748681464278	381	21	0.00137931034482759	15.1813785667833	0.0011748681464278
Laboratoire dEtudes en Geophysique et oceanographie spatiales - CNRS	-0.478	-0.7622	5	27	1492	304	27	0.00140056022408964	0.860158887727504	0.00124165408449591	304	27	0.00140056022408964	0.860158887727504	0.00124165408449591
Lamont Doherty Earth Observ	0.835	-0.2458	1	19	1168	303	19	0.00138312586445367	0.5772476860708	0.000997479477763207	303	19	0.00138312586445367	0.5772476860708	0.000997479477763207
Lancaster Univ	-0.4132	-0.026	3	31	1104	493	31	0.00141843971631206	15.6937323738326	0.00144173582904838	493	31	0.00141843971631206	15.6937323738326	0.00144173582904838
Lanzhou Univ	1.3563	-0.4592	8	17	1376	462	17	0.00137551581843191	13.5144038021715	0.00113457922053391	462	17	0.00137551581843191	13.5144038021715	0.00113457922053391
Lawrence Berkeley Natl Lab	0.4965	0.1544	1	75	3636	410	75	0.00150829562594269	74.4723074140476	0.00280330958245293	410	75	0.00150829562594269	74.4723074140476	0.00280330958245293
Lawrence Livermore Natl Lab	0.7051	0.347	1	35	1344	359	35	0.00142045454545455	3.6423782058935	0.0014938794143873	359	35	0.00142045454545455	3.6423782058935	0.0014938794143873
Lomonosov Moscow State Univ	-1.4779	0.1385	11	55	4246	1603	55	0.00146842878120411	222.970174692831	0.00250671919422308	1603	55	0.00146842878120411	222.970174692831	0.00250671919422308
Los Alamos Natl Lab	0.5568	0.4212	1	52	2162	515	52	0.00145772594752187	18.3901361291554	0.00203727375539267	515	52	0.00145772594752187	18.3901361291554	0.00203727375539267
Louisiana State Univ	0.5485	-0.071	1	49	1434	354	49	0.00145560407569141	40.2539182828671	0.00200206704936268	354	49	0.00145560407569141	40.2539182828671	0.00200206704936268
Lund Univ	-0.5123	0.0868	2	112	6058	1211	112	0.0016025641025641	360.94418940646	0.00413583420605974	1211	112	0.0016025641025641	360.94418940646	0.00413583420605974
MIT	0.528	0.2127	1	107	4972	1085	107	0.00158982511923688	131.308730150089	0.00379201153573921	1085	107	0.00158982511923688	131.308730150089	0.00379201153573921
Macquarie Univ	0.3126	-0.4287	7	52	2082	596	52	0.00145772594752187	78.4542883210428	0.00215637408784372	596	52	0.00145772594752187	78.4542883210428	0.00215637408784372
Marine Biol Lab - US	0.5478	0.2856	1	36	1838	319	36	0.00142450142450142	16.7582186156434	0.00156958400849795	319	36	0.00142450142450142	16.7582186156434	0.00156958400849795
Max Planck Inst Marine Microbiol	-0.0053	-0.1727	4	12	1452	297	12	0.00134952766531714	5.50183064267824	0.000852292233228134	297	12	0.00134952766531714	5.50183064267824	0.000852292233228134
Max Planck Society	0.0264	-0.1103	4	247	17730	2409	247	0.00204498977505112	3485.12958736751	0.0090072698101476	2409	247	0.00204498977505112	3485.12958736751	0.0090072698101476
McGill Univ	-0.3121	0.9608	6	60	3038	1361	60	0.00147492625368732	65.5211326794192	0.00238834286364445	1361	60	0.00147492625368732	65.5211326794192	0.00238834286364445
McMaster Univ	-0.3563	1	6	20	706	417	20	0.00128865979381443	2.25936447883326	0.001089575333777	417	20	0.00128865979381443	2.25936447883326	0.001089575333777
Mem Univ Newfoundland	-0.3874	0.8766	6	63	2614	990	63	0.00148148148148148	66.6802615494567	0.00247135421026868	990	63	0.00148148148148148	66.6802615494567	0.00247135421026868
Met Office - UK	-0.0224	-0.003	3	51	2510	455	51	0.00145137880986938	18.3916147649472	0.00201560629788403	455	51	0.00145137880986938	18.3916147649472	0.00201560629788403
Michigan State Univ	0.7711	0.3093	1	27	868	359	27	0.00138121546961326	8.93675485741199	0.00128206701367343	359	27	0.00138121546961326	8.93675485741199	0.00128206701367343
Monash Univ	0.4103	-0.4653	7	28	1186	527	28	0.00140252454417952	11.5513513062331	0.00134687865508927	527	28	0.00140252454417952	11.5513513062331	0.00134687865508927
Montana State Univ	0.6491	0.269	1	25	822	338	25	0.00139664804469274	3.2219695291178	0.00119540384643147	338	25	0.00139664804469274	3.2219695291178	0.00119540384643147
Museum Natl Hist Nat - France	-0.026	-0.6916	5	48	2630	548	48	0.00144927536231884	31.9566170597482	0.00196430767259848	548	48	0.00144927536231884	31.9566170597482	0.00196430767259848
NASA	0.3655	0.2047	1	242	24536	3745	242	0.00202429149797571	2736.04542620161	0.00866228743132268	3745	242	0.00202429149797571	2736.04542620161	0.00866228743132268
NCAR	0.3967	0.082	1	181	14262	1875	181	0.0018018018018018	978.172347026333	0.00642399928760158	1875	181	0.0018018018018018	978.172347026333	0.00642399928760158
NERC National Oceanography Centre	-0.1689	-0.2401	3	182	14558	1694	182	0.00180505415162455	996.518184221384	0.0064374039159905	1694	182	0.00180505415162455	996.518184221384	0.0064374039159905
NIPR	0.3517	0.8772	9	99	9618	2318	99	0.00156985871271586	334.127765029647	0.00374780981816979	2318	99	0.00156985871271586	334.127765029647	0.00374780981816979
NOAA	0.3414	0.2688	1	249	29412	5173	249	0.00205338809034908	3408.43288243957	0.00911740587047396	5173	249	0.00205338809034908	3408.43288243957	0.00911740587047396
NPI	-0.613	0.1191	2	154	11818	2013	154	0.00171821305841924	804.093957938306	0.00556097441539833	2013	154	0.00171821305841924	804.093957938306	0.00556097441539833
Nagoya Univ	0.3544	0.9518	9	48	3546	831	48	0.00145348837209302	86.9832724522709	0.00209103013934716	831	48	0.00145348837209302	86.9832724522709	0.00209103013934716
Nanjing Univ	1.3019	-0.392	8	18	842	380	18	0.00137551581843191	39.1850954704316	0.00122720824252994	380	18	0.00137551581843191	39.1850954704316	0.00122720824252994
Nanjing Univ Informat Sci & Technol	1.3032	-0.3793	8	23	1446	424	23	0.00139275766016713	27.0459999056663	0.00132551804702657	424	23	0.00139275766016713	27.0459999056663	0.00132551804702657
Nansen Environm & Remote Sensing Ctr	-0.6637	-0.0238	2	25	1314	347	25	0.00140646976090014	8.17964210970397	0.0012384589447111	347	25	0.00140646976090014	8.17964210970397	0.0012384589447111
Natl Environm Res Inst Denmark	-0.6348	0.744	2	10	1116	307	10	0.00128700128700129	1.58713253596196	0.000760640651673049	307	10	0.00128700128700129	1.58713253596196	0.000760640651673049
Natl Inst Adv Ind Sci & Technol AIST - Japan	0.4141	1.109	9	12	858	355	12	0.00131752305665349	2.98952144000642	0.000857392398151258	355	12	0.00131752305665349	2.98952144000642	0.000857392398151258
Natl Inst Earth Sciences & Astronomy - CNRS	-0.2266	-0.3728	5	185	15342	2020	185	0.00181488203266788	926.133319788923	0.00649924940557117	2020	185	0.00181488203266788	926.133319788923	0.00649924940557117
Natl Inst Environm Studies - Japan	0.2069	0.6875	9	64	3282	438	64	0.00148809523809524	98.1068195618742	0.00251148689093408	438	64	0.00148809523809524	98.1068195618742	0.00251148689093408
Natl Inst Water & Atmospher Res NIWA	0.2372	-0.2205	7	131	6494	953	131	0.00164744645799012	379.810894296233	0.00466276152523964	953	131	0.00164744645799012	379.810894296233	0.00466276152523964
Natl Marine Fisheries Serv - US	0.589	1.0524	1	12	1124	327	12	0.00132978723404255	1.1967897320231	0.000800900408349297	327	12	0.00132978723404255	1.1967897320231	0.000800900408349297
Natl Oceanog Ctr - UK	-0.2573	-0.2089	3	108	6214	609	108	0.00158730158730159	159.600122086636	0.00385325627236661	609	108	0.00158730158730159	159.600122086636	0.00385325627236661
Natl Res Council Canada	-0.3496	1.0436	6	28	1354	523	28	0.00140646976090014	7.44695333335171	0.00133139061266797	523	28	0.00140646976090014	7.44695333335171	0.00133139061266797
Natural Environment Research Council NERC	-0.529	-0.1964	3	60	3480	805	60	0.00147492625368732	56.5787082360208	0.002356941462952	805	60	0.00147492625368732	56.5787082360208	0.002356941462952
Natural History Museum London	-0.577	-0.278	3	55	2158	629	55	0.00146842878120411	91.0726536892506	0.00227676956381868	629	55	0.00146842878120411	91.0726536892506	0.00227676956381868
Natural Resources Institute Finland	-0.8449	0.1975	2	17	1102	536	17	0.00134770889487871	5.68000276700436	0.00102125230471728	536	17	0.00134770889487871	5.68000276700436	0.00102125230471728
Naval Res Lab - US	0.7271	0.5286	1	33	2158	484	33	0.00141843971631206	3.96081360359004	0.00144143251645604	484	33	0.00141843971631206	3.96081360359004	0.00144143251645604
Newcastle Univ	-0.4719	-0.2725	3	43	1660	421	43	0.00143884892086331	23.344000610341	0.00178753037169992	421	43	0.00143884892086331	23.344000610341	0.00178753037169992
Niels Bohr Inst	0.0449	-0.2386	5	70	4406	551	70	0.00149700598802395	71.466321526538	0.00266363860096412	551	70	0.00149700598802395	71.466321526538	0.00266363860096412
Norwegian Inst Air Res	-0.4037	0.0552	2	67	3480	600	67	0.00149476831091181	86.9163612094243	0.00260019583066431	600	67	0.00149476831091181	86.9163612094243	0.00260019583066431
Norwegian Inst Marine Res	-0.904	0.214	2	70	4768	1323	70	0.00149700598802395	105.178105519507	0.00274071958012504	1323	70	0.00149700598802395	105.178105519507	0.00274071958012504
Norwegian Inst Nat Res	-0.8227	0.2613	2	49	3300	835	49	0.0014367816091954	53.0360517780852	0.00207080590153701	835	49	0.0014367816091954	53.0360517780852	0.00207080590153701
Norwegian Meteorol Inst	-0.2747	0.1529	2	56	2130	329	56	0.00146627565982405	32.2960780412848	0.0021917135759186	329	56	0.00146627565982405	32.2960780412848	0.0021917135759186
Norwegian Univ Life Sci	-0.924	0.1924	2	29	2098	725	29	0.00136986301369863	20.4438081985504	0.00140533336073122	725	29	0.00136986301369863	20.4438081985504	0.00140533336073122
Norwegian Univ Sci & Technol	-0.9542	0.2143	2	64	4340	1176	64	0.00148148148148148	156.458240400111	0.00267098622174545	1176	64	0.00148148148148148	156.458240400111	0.00267098622174545
Obukhov Inst Atmospher Phys - RAS	-1.3961	-3e-04	11	16	1166	304	16	0.00138312586445367	1.38509968218254	0.000941296927439288	304	16	0.00138312586445367	1.38509968218254	0.000941296927439288
Ocean Univ China	1.4083	-0.4088	8	13	652	526	13	0.00135135135135135	4.04544262092619	0.000895833395225486	526	13	0.00135135135135135	4.04544262092619	0.000895833395225486
Ohio State Univ	0.4925	0.0518	1	144	7302	1367	144	0.00168918918918919	476.429331523504	0.00510850766882963	1367	144	0.00168918918918919	476.429331523504	0.00510850766882963
Old Dominion Univ	0.576	0.2045	1	41	1426	348	41	0.00142857142857143	7.02794487298989	0.00168244693165917	348	41	0.00142857142857143	7.02794487298989	0.00168244693165917
Open Univ	-0.6123	-0.099	3	28	1042	364	28	0.00139664804469274	18.5167522554315	0.00133182859609288	364	28	0.00139664804469274	18.5167522554315	0.00133182859609288
Oregon State Univ	0.4595	0.2049	1	159	9188	1489	159	0.00173310225303293	583.10757165386	0.00558367453299352	1489	159	0.00173310225303293	583.10757165386	0.00558367453299352
PRIC	1.1797	-0.3194	8	39	2018	679	39	0.00141843971631206	208.777155306054	0.00206215328269	679	39	0.00141843971631206	208.777155306054	0.00206215328269
Pacific Northwest Natl Lab	0.5736	0.2783	1	54	1994	317	54	0.00146412884333821	24.8131050504864	0.002111083730402	317	54	0.00146412884333821	24.8131050504864	0.002111083730402
Peking Univ	1.2641	-0.3045	8	27	1100	393	27	0.00140056022408964	67.3596374189593	0.00147818610206424	393	27	0.00140056022408964	67.3596374189593	0.00147818610206424
Penn State Univ	0.5554	0.1177	1	132	6842	1147	132	0.00165562913907285	391.328556280035	0.00471858070052838	1147	132	0.00165562913907285	391.328556280035	0.00471858070052838
Plymouth Marine Lab	-0.4688	-0.2032	3	63	2724	358	63	0.00148148148148148	28.7590018605643	0.00240009779563827	358	63	0.00148148148148148	28.7590018605643	0.00240009779563827
Polish Acad Sci	-0.8934	-0.2165	2	74	4184	1395	74	0.00150829562594269	156.755956518268	0.00293904294386943	1395	74	0.00150829562594269	156.755956518268	0.00293904294386943
Potsdam Inst Climate Impact Res	0.1183	-0.6339	4	27	982	306	27	0.00140449438202247	13.2139400281329	0.00130600440711112	306	27	0.00140449438202247	13.2139400281329	0.00130600440711112
Princeton Univ	0.3293	0.2336	1	92	4902	813	92	0.0015527950310559	59.4488295843811	0.00326504724141557	813	92	0.0015527950310559	59.4488295843811	0.00326504724141557
Purdue Univ	0.5662	0.1391	1	46	1702	446	46	0.00144508670520231	17.59092095044	0.00186118610723504	446	46	0.00144508670520231	17.59092095044	0.00186118610723504
Queens Univ	-0.3795	0.9536	6	41	1800	898	41	0.00143884892086331	33.3682808411704	0.00180328831804021	898	41	0.00143884892086331	33.3682808411704	0.00180328831804021
Res Ctr Julich - Helmholtz Association	-0.0292	-0.1562	4	43	1994	326	43	0.00143472022955524	14.95704198908	0.00178082817140151	326	43	0.00143472022955524	14.95704198908	0.00178082817140151
Research lnstitute of Fisheries & Oceanography - RAS	-1.1698	0.5026	11	12	790	479	12	0.00134770889487871	6.62531471134845	0.000851472342403594	479	12	0.00134770889487871	6.62531471134845	0.000851472342403594
Royal Holloway Univ London	-0.6524	-0.2494	3	39	1768	508	39	0.00142857142857143	15.4377586939664	0.00166945257367807	508	39	0.00142857142857143	15.4377586939664	0.00166945257367807
Royal Netherlands Inst Sea Res NIOZ	-0.4396	-0.2699	4	79	4660	862	79	0.00151745068285281	76.791956294348	0.00293421575487598	862	79	0.00151745068285281	76.791956294348	0.00293421575487598
Royal Netherlands Meteorol Inst	-0.0574	-0.0106	4	67	2936	414	67	0.00149253731343284	32.2080041063181	0.00250923272047583	414	67	0.00149253731343284	32.2080041063181	0.00250923272047583
Ruprecht Karls Univ Heidelberg	-0.1032	-0.6336	4	53	3176	593	53	0.00146412884333821	26.3804004420515	0.00210062993378232	593	53	0.00146412884333821	26.3804004420515	0.00210062993378232
Russian Acad Sci	-1.1627	0.1274	11	234	26402	8785	234	0.00199203187250996	4229.84821709872	0.00886515396987712	8785	234	0.00199203187250996	4229.84821709872	0.00886515396987712
Rutgers State Univ	0.5345	0.1012	1	102	4330	727	102	0.0015748031496063	184.346837606007	0.0036703011559429	727	102	0.0015748031496063	184.346837606007	0.0036703011559429
SINTEF	-1.143	0.1949	2	12	692	311	12	0.00134589502018843	0.569359780680535	0.000817742886798189	311	12	0.00134589502018843	0.569359780680535	0.000817742886798189
Sapienza Univ	0.4177	-0.6874	5	17	598	293	17	0.00137174211248285	15.8121058580195	0.00111771433696193	293	17	0.00137174211248285	15.8121058580195	0.00111771433696193
Senckenberg Gesellschaft fur Naturforschung SGN	-0.4628	-0.4683	4	28	1218	393	28	0.00141043723554302	15.3427801244727	0.00134342121722537	393	28	0.00141043723554302	15.3427801244727	0.00134342121722537
Seoul Natl Univ	1.2976	-0.1215	8	16	1084	518	16	0.00137931034482759	4.76213026369535	0.000949025736360603	518	16	0.00137931034482759	4.76213026369535	0.000949025736360603
Severtsov Inst Ecol & Evolut - RAS	-1.4348	0.3619	11	13	1034	339	13	0.00131406044678055	5.80212967142804	0.00091175868946964	339	13	0.00131406044678055	5.80212967142804	0.00091175868946964
Shirshov Inst Oceanol - RAS	-1.6447	0.1382	11	41	4586	1585	41	0.00143472022955524	134.196278213192	0.00201895961376365	1585	41	0.00143472022955524	134.196278213192	0.00201895961376365
Simon Fraser Univ	-0.2456	0.9645	6	28	1144	529	28	0.00137362637362637	5.96938540530519	0.00132230836185662	529	28	0.00137362637362637	5.96938540530519	0.00132230836185662
Smithsonian Inst	0.3435	0.2237	1	41	1238	502	41	0.00143884892086331	7.92553746440919	0.00168733699890026	502	41	0.00143884892086331	7.92553746440919	0.00168733699890026
Sorbonne Univ	-0.1587	-0.4258	5	142	9582	1122	142	0.00168350168350168	403.042573971567	0.00502341248318086	1122	142	0.00168350168350168	403.042573971567	0.00502341248318086
St Petersburg State Univ	-1.6502	0.1679	11	26	2176	819	26	0.00139664804469274	54.4395025160344	0.00145923903780635	819	26	0.00139664804469274	54.4395025160344	0.00145923903780635
Stanford Univ	0.4114	0.1155	1	102	4130	891	102	0.00157728706624606	114.510644802483	0.00363277983356231	891	102	0.00157728706624606	114.510644802483	0.00363277983356231
State Ocean Adm China	1.3765	-0.4063	8	12	770	632	12	0.00134228187919463	6.00733238516	0.000927659314906262	632	12	0.00134228187919463	6.00733238516	0.000927659314906262
State Univ New York	0.9597	0.2885	1	49	2224	579	49	0.00145137880986938	12.1408406294701	0.00194218085737042	579	49	0.00145137880986938	12.1408406294701	0.00194218085737042
State Univ New York Stony Brook	1.0191	0.3097	1	25	1498	354	25	0.00139664804469274	0.592402197950655	0.00117805370319052	354	25	0.00139664804469274	0.592402197950655	0.00117805370319052
Stockholm Univ	-0.2135	0.0674	2	221	14834	2236	221	0.00194174757281553	1979.84983084365	0.00785205845832375	2236	221	0.00194174757281553	1979.84983084365	0.00785205845832375
Swansea Univ	-0.6282	-0.2345	3	35	1408	448	35	0.00141843971631206	6.4468855638	0.00151346472686916	448	35	0.00141843971631206	6.4468855638	0.00151346472686916
Swedish Museum Nat Hist	-0.3988	-0.1475	2	28	1062	488	28	0.00140252454417952	11.1809212207701	0.00133602424515572	488	28	0.00140252454417952	11.1809212207701	0.00133602424515572
Swedish Univ Agr Sci	-0.7353	0.1149	2	40	1756	574	40	0.00143472022955524	36.3358174264498	0.00177617010157532	574	40	0.00143472022955524	36.3358174264498	0.00177617010157532
Swiss Fed Inst Forest Snow & Landscape Res	-0.4457	-0.1332	4	73	2590	442	73	0.00150829562594269	62.5219025153246	0.00275775015617292	442	73	0.00150829562594269	62.5219025153246	0.00275775015617292
Tech Univ Denmark	-0.5558	0.1061	2	78	3698	924	78	0.00151975683890578	142.310981775589	0.00298632411752941	924	78	0.00151975683890578	142.310981775589	0.00298632411752941
Texas A&M Univ	0.5892	0.0849	1	87	3392	774	87	0.00154083204930663	69.5146318815769	0.00314534517988794	774	87	0.00154083204930663	69.5146318815769	0.00314534517988794
Tohoku Univ	0.4379	1.0907	9	22	1724	482	22	0.00139082058414465	15.779330548585	0.00120973049125782	482	22	0.00139082058414465	15.779330548585	0.00120973049125782
Trent Univ	-0.3706	1.0276	6	25	904	349	25	0.00137362637362637	4.19451589302915	0.00125246636998807	349	25	0.00137362637362637	4.19451589302915	0.00125246636998807
UHI Millenium Inst	-0.6288	0.1859	2	36	1544	334	36	0.00142247510668563	15.5938600744892	0.00157793677839219	334	36	0.00142247510668563	15.5938600744892	0.00157793677839219
UK Centre for Ecology & Hydrology UKCEH	-0.5183	-0.0117	3	35	1056	307	35	0.00142045454545455	8.27196083749572	0.00151017118643083	307	35	0.00142045454545455	8.27196083749572	0.00151017118643083
US Fish & Wildlife Serv	0.3352	0.7362	1	37	1872	543	37	0.00141442715700141	47.2202913969191	0.00169479942538627	543	37	0.00141442715700141	47.2202913969191	0.00169479942538627
US Geol Survey	0.3533	0.4443	1	180	11538	2570	180	0.00179856115107914	1234.00546779751	0.00645935988667775	2570	180	0.00179856115107914	1234.00546779751	0.00645935988667775
US Navy	0.7361	0.5563	1	30	2148	586	30	0.00141242937853107	4.21634602011746	0.00135580408093398	586	30	0.00141242937853107	4.21634602011746	0.00135580408093398
Umea Univ	-0.7212	0.1573	2	34	1434	608	34	0.00141643059490085	16.9449152113641	0.00154362559210102	608	34	0.00141643059490085	16.9449152113641	0.00154362559210102
United States Department of Agriculture USDA	0.3001	0.8995	1	9	394	363	9	0.00132802124833997	0.319837541465307	0.000697361640168816	363	9	0.00132802124833997	0.319837541465307	0.000697361640168816
Univ Aberdeen	-0.5972	-0.0311	3	56	2452	811	56	0.00147058823529412	36.4252625576277	0.00221579977663318	811	56	0.00147058823529412	36.4252625576277	0.00221579977663318
Univ Adelaide	0.5288	-0.2822	7	35	1324	518	35	0.00142045454545455	50.4618914984888	0.00161638116423231	518	35	0.00142045454545455	50.4618914984888	0.00161638116423231
Univ Alabama	0.3955	0.0353	1	63	2256	414	63	0.00148148148148148	31.248836856993	0.00238830838020453	414	63	0.00148148148148148	31.248836856993	0.00238830838020453
Univ Alaska	0.3526	0.5726	1	122	10008	1965	122	0.00162866449511401	423.887493821534	0.00446693544833301	1965	122	0.00162866449511401	423.887493821534	0.00446693544833301
Univ Alaska Anchorage	0.1743	0.2976	1	49	2148	447	49	0.00143061516452074	46.4396133387765	0.00199987880775206	447	49	0.00143061516452074	46.4396133387765	0.00199987880775206
Univ Alaska Fairbanks	0.2229	0.4442	1	244	22966	4584	244	0.00203252032520325	3517.84585242101	0.0089077977055507	4584	244	0.00203252032520325	3517.84585242101	0.0089077977055507
Univ Alberta	-0.0992	0.5258	6	159	8230	1872	159	0.00173310225303293	872.327277500315	0.00569473321603534	1872	159	0.00173310225303293	872.327277500315	0.00569473321603534
Univ Antwerp	-0.9394	-0.6851	10	16	556	344	16	0.00137551581843191	6.92392234255509	0.000989442787973664	344	16	0.00137551581843191	6.92392234255509	0.000989442787973664
Univ Arizona	0.6167	0.2069	1	80	3244	761	80	0.00152439024390244	67.5760591517626	0.00294964436611801	761	80	0.00152439024390244	67.5760591517626	0.00294964436611801
Univ Auckland	0.3407	-0.3955	7	25	984	457	25	0.00138504155124654	4.99962851094818	0.00121697165501516	457	25	0.00138504155124654	4.99962851094818	0.00121697165501516
Univ Austral Chile	-0.3612	-1.4399	10	11	486	327	11	0.00134408602150538	2.01098049237584	0.000817315812251746	327	11	0.00134408602150538	2.01098049237584	0.000817315812251746
Univ Barcelona	-0.2951	-0.7535	7	27	1208	496	27	0.00140056022408964	17.4548237396854	0.00132415704477596	496	27	0.00140056022408964	17.4548237396854	0.00132415704477596
Univ Bergen	-0.5405	-0.0359	2	182	14346	2739	182	0.00180505415162455	1465.79249604643	0.00663333086279473	2739	182	0.00180505415162455	1465.79249604643	0.00663333086279473
Univ Bern	-0.0506	-0.3829	5	122	7222	1177	122	0.00162866449511401	426.554778402094	0.00446716072114296	1177	122	0.00162866449511401	426.554778402094	0.00446716072114296
Univ Birmingham	-0.5929	-0.3192	3	35	1330	436	35	0.00141843971631206	10.1303763712257	0.0015291058920336	436	35	0.00141843971631206	10.1303763712257	0.0015291058920336
Univ Bonn	0.0012	-0.1359	4	41	1296	415	41	0.00143472022955524	28.8906818738084	0.00175718850803533	415	41	0.00143472022955524	28.8906818738084	0.00175718850803533
Univ Bordeaux	-0.3652	-0.6027	5	43	2626	464	43	0.00143266475644699	8.58833724579684	0.00175773139441891	464	43	0.00143266475644699	8.58833724579684	0.00175773139441891
Univ Bremen	-0.169	-0.3863	4	195	14146	2284	195	0.00184842883548983	1297.46185297097	0.0069635381429325	2284	195	0.00184842883548983	1297.46185297097	0.0069635381429325
Univ Bristol	-0.1844	-0.1035	3	143	8016	1266	143	0.00168634064080944	439.31291559478	0.00503546232433172	1266	143	0.00168634064080944	439.31291559478	0.00503546232433172
Univ British Columbia	-0.1146	0.5594	6	133	5948	1521	133	0.00165837479270315	503.345813970625	0.00479630992923942	1521	133	0.00165837479270315	503.345813970625	0.00479630992923942
Univ Buenos Aires	-0.3673	-1.4844	10	15	1506	661	15	0.00136612021857924	3.06101490623505	0.000918449675231417	661	15	0.00136612021857924	3.06101490623505	0.000918449675231417
Univ Calgary	-0.2638	0.9914	6	45	1732	810	45	0.00144508670520231	33.8720840203867	0.00190550517985798	810	45	0.00144508670520231	33.8720840203867	0.00190550517985798
Univ Calif Berkeley	0.4711	0.1728	1	126	6886	1024	126	0.00163934426229508	425.334160776698	0.00455170661118131	1024	126	0.00163934426229508	425.334160776698	0.00455170661118131
Univ Calif Davis	0.4068	0.1942	1	83	2910	688	83	0.00153139356814701	123.205134377821	0.00307883132180515	688	83	0.00153139356814701	123.205134377821	0.00307883132180515
Univ Calif Irvine	0.3243	0.1311	1	116	6286	867	116	0.00161290322580645	168.133178883691	0.00407496012215831	867	116	0.00161290322580645	168.133178883691	0.00407496012215831
Univ Calif Los Angeles	0.5649	0.2313	1	99	4448	993	99	0.00156985871271586	229.571410591569	0.00364049904598935	993	99	0.00156985871271586	229.571410591569	0.00364049904598935
Univ Calif San Diego	0.3461	0.0884	1	203	12940	2162	203	0.00187617260787993	1379.42063902663	0.00716888560506973	2162	203	0.00187617260787993	1379.42063902663	0.00716888560506973
Univ Calif Santa Barbara	0.5051	0.1683	1	160	10164	1584	160	0.00173611111111111	616.274934388624	0.00563896443477833	1584	160	0.00173611111111111	616.274934388624	0.00563896443477833
Univ Calif Santa Cruz	0.5164	0.2577	1	85	5436	886	85	0.00152905198776758	107.439997310597	0.00313487514321996	886	85	0.00152905198776758	107.439997310597	0.00313487514321996
Univ Cambridge	-0.238	-0.1156	3	182	11188	2250	182	0.00180505415162455	884.616359480245	0.0063722769216635	2250	182	0.00180505415162455	884.616359480245	0.0063722769216635
Univ Canterbury	0.3024	-0.2459	7	46	1670	513	46	0.0014367816091954	34.6537165958944	0.00189772619378653	513	46	0.0014367816091954	34.6537165958944	0.00189772619378653
Univ Cape Town	-7e-04	-0.4934	7	67	2684	780	67	0.0014903129657228	69.276755796659	0.0025820356676211	780	67	0.0014903129657228	69.276755796659	0.0025820356676211
Univ Chicago	0.6428	0.0247	1	42	1604	475	42	0.00143884892086331	9.81330951813552	0.00171969987474436	475	42	0.00143884892086331	9.81330951813552	0.00171969987474436
Univ Chile	-0.3562	-1.4273	10	11	476	425	11	0.00134408602150538	2.09075382112295	0.000817126789994163	425	11	0.00134408602150538	2.09075382112295	0.000817126789994163
Univ Chinese Acad Sci	1.4552	-0.4426	8	22	4016	1182	22	0.00137551581843191	51.9469414854246	0.00149552207055685	1182	22	0.00137551581843191	51.9469414854246	0.00149552207055685
Univ Coll London	-0.2251	-0.0938	3	112	5282	1049	112	0.0016025641025641	356.498922624205	0.00411043967538748	1049	112	0.0016025641025641	356.498922624205	0.00411043967538748
Univ Cologne	-0.1918	-0.29	4	36	1348	398	36	0.0014265335235378	28.8123955881447	0.00162796222088642	398	36	0.0014265335235378	28.8123955881447	0.00162796222088642
Univ Colorado	0.2772	0.1352	1	252	23360	3691	252	0.00206611570247934	2919.09807692047	0.00900757552654142	3691	252	0.00206611570247934	2919.09807692047	0.00900757552654142
Univ Complutense	0.0726	-0.8285	7	12	1226	365	12	0.00132802124833997	2.76889562079705	0.000836143886058414	365	12	0.00132802124833997	2.76889562079705	0.000836143886058414
Univ Concepcion	-0.3623	-1.4373	10	13	536	407	13	0.00136798905608755	3.74299130823797	0.000882845416936716	407	13	0.00136798905608755	3.74299130823797	0.000882845416936716
Univ Copenhagen	-0.2724	0.0914	2	226	16998	3169	226	0.00196078431372549	2735.32234073352	0.0082077313873272	3169	226	0.00196078431372549	2735.32234073352	0.0082077313873272
Univ Ctr Svalbard UNIS	-0.7928	0.1067	2	103	6950	1207	103	0.00157977883096367	238.728490026972	0.0038048700106833	1207	103	0.00157977883096367	238.728490026972	0.0038048700106833
Univ Delaware	0.4256	-0.0099	1	74	2914	518	74	0.00150829562594269	77.592635316606	0.00277954530787907	518	74	0.00150829562594269	77.592635316606	0.00277954530787907
Univ E Finland	-0.8232	0.1784	2	16	828	328	16	0.00134048257372654	3.15159726035803	0.000970268115180968	328	16	0.00134048257372654	3.15159726035803	0.000970268115180968
Univ East Anglia	-0.1685	-0.0587	3	114	6140	869	114	0.00160771704180064	199.273474409503	0.00403841272219049	869	114	0.00160771704180064	199.273474409503	0.00403841272219049
Univ Edinburgh	-0.2594	-0.0858	3	139	6444	1183	139	0.0016750418760469	403.190601621877	0.00490415557923283	1183	139	0.0016750418760469	403.190601621877	0.00490415557923283
Univ Exeter	-0.2039	-0.1952	3	100	4472	657	100	0.00157232704402516	136.441438073093	0.00358587589327811	657	100	0.00157232704402516	136.441438073093	0.00358587589327811
Univ Florence	0.4461	-0.6886	5	20	1106	338	20	0.00137741046831956	18.5781648931887	0.00121509775169389	338	20	0.00137741046831956	18.5781648931887	0.00121509775169389
Univ Florida	0.4551	0.398	1	44	1604	557	44	0.00144508670520231	19.3508238672214	0.00180228469612014	557	44	0.00144508670520231	19.3508238672214	0.00180228469612014
Univ Genoa	0.423	-0.7561	5	10	394	363	10	0.00134048257372654	3.60236472147037	0.000852812991848989	363	10	0.00134048257372654	3.60236472147037	0.000852812991848989
Univ Georgia	0.4786	0.1832	1	62	1918	369	62	0.0014792899408284	31.2968095400971	0.00234555006415759	369	62	0.0014792899408284	31.2968095400971	0.00234555006415759
Univ Ghent	-0.2827	-0.6101	10	75	3522	444	75	0.00151285930408472	126.099984669249	0.00288727186480079	444	75	0.00151285930408472	126.099984669249	0.00288727186480079
Univ Glasgow	-0.456	-0.1121	3	38	1266	512	38	0.00142857142857143	11.9385172233466	0.00161579083421763	512	38	0.00142857142857143	11.9385172233466	0.00161579083421763
Univ Gothenburg	-0.2111	0.0677	2	126	5640	980	126	0.00163934426229508	580.444833942061	0.00463700816848299	980	126	0.00163934426229508	580.444833942061	0.00463700816848299
Univ Gottingen	-0.6057	-0.6336	4	13	516	361	13	0.00137362637362637	2.61014916971477	0.000849649905364944	361	13	0.00137362637362637	2.61014916971477	0.000849649905364944
Univ Grenoble Alpes	-0.0363	-0.389	5	152	10084	1412	152	0.00171232876712329	683.48799737425	0.00547741794040637	1412	152	0.00171232876712329	683.48799737425	0.00547741794040637
Univ Groningen	-0.5265	-0.209	4	55	2342	638	55	0.00146198830409357	44.449383294392	0.00218893939168503	638	55	0.00146198830409357	44.449383294392	0.00218893939168503
Univ Guelph	-0.2629	0.9241	6	29	1182	568	29	0.00140449438202247	17.4094215069056	0.00139400944560311	568	29	0.00140449438202247	17.4094215069056	0.00139400944560311
Univ Hamburg	-0.3947	-0.3003	4	91	4440	1155	91	0.00155038759689922	163.118786095509	0.00339087890845522	1155	91	0.00155038759689922	163.118786095509	0.00339087890845522
Univ Hawaii	0.7149	0.0356	1	59	2112	451	59	0.00147710487444609	16.6206517303014	0.00224346231608497	451	59	0.00147710487444609	16.6206517303014	0.00224346231608497
Univ Hawaii Manoa	0.775	0.0289	1	60	2560	536	60	0.0014792899408284	27.483820346541	0.00230248122062482	536	60	0.0014792899408284	27.483820346541	0.00230248122062482
Univ Helsinki	-0.6868	0.1307	2	97	5366	1460	97	0.00156494522691706	299.63425155564	0.0037097093275746	1460	97	0.00156494522691706	299.63425155564	0.0037097093275746
Univ Hosp N Norway	-1.1584	0.4338	2	7	1390	495	7	0.00125628140703518	0.765400429369146	0.000651262147530151	495	7	0.00125628140703518	0.765400429369146	0.000651262147530151
Univ Iceland	-0.6352	0.0041	2	70	3396	1116	70	0.00149925037481259	65.6588776371545	0.00266881706602979	1116	70	0.00149925037481259	65.6588776371545	0.00266881706602979
Univ Illinois	0.5221	0.281	1	88	3414	811	88	0.00154320987654321	120.492173977984	0.00322719507032275	811	88	0.00154320987654321	120.492173977984	0.00322719507032275
Univ Innsbruck	-0.4164	-0.388	4	67	2204	564	67	0.00149476831091181	70.7876361907587	0.00258461030392535	564	67	0.00149476831091181	70.7876361907587	0.00258461030392535
Univ Kansas	0.3348	0.0239	1	64	2766	588	64	0.00148367952522255	111.682510228389	0.00253784154824494	588	64	0.00148367952522255	111.682510228389	0.00253784154824494
Univ Kiel	-0.3273	-0.4645	4	85	4938	1409	85	0.00153609831029186	240.336766220747	0.00331659523818183	1409	85	0.00153609831029186	240.336766220747	0.00331659523818183
Univ Lapland	-0.4108	0.083	2	30	1224	331	30	0.00141442715700141	18.5417655901299	0.00141767881598548	331	30	0.00141442715700141	18.5417655901299	0.00141767881598548
Univ Laval	-0.4266	0.6305	6	81	5380	1715	81	0.00152671755725191	189.664742014874	0.00312898530008752	1715	81	0.00152671755725191	189.664742014874	0.00312898530008752
Univ Leeds	-0.2806	-0.0293	3	129	7020	1088	129	0.00164744645799012	388.678495303616	0.00460580829204342	1088	129	0.00164744645799012	388.678495303616	0.00460580829204342
Univ Leicester	-0.3316	0.0662	3	55	2308	621	55	0.00146627565982405	54.2398018738616	0.00221772289928	621	55	0.00146627565982405	54.2398018738616	0.00221772289928
Univ Libre Brussels	0.0156	-0.17	5	73	3484	565	73	0.0015015015015015	63.197609202633	0.00271568692628078	565	73	0.0015015015015015	63.197609202633	0.00271568692628078
Univ Liege	-0.1793	-0.2385	5	90	3706	572	90	0.00154320987654321	97.0659769295432	0.00326148095926211	572	90	0.00154320987654321	97.0659769295432	0.00326148095926211
Univ Lisboa	-0.1927	-0.4979	7	55	1708	319	55	0.00146627565982405	47.4657661663538	0.00219038606645124	319	55	0.00146627565982405	47.4657661663538	0.00219038606645124
Univ Liverpool	-0.5753	-0.2938	3	45	1720	441	45	0.00143884892086331	19.3363101389249	0.00184374306667808	441	45	0.00143884892086331	19.3363101389249	0.00184374306667808
Univ London	-0.6782	-0.2385	3	27	1296	414	27	0.00139470013947001	4.38166080909612	0.00128011001281839	414	27	0.00139470013947001	4.38166080909612	0.00128011001281839
Univ London Imperial Coll Sci & Technol	-0.0141	-0.0817	3	57	2544	377	57	0.00147275405007364	15.5000761728884	0.00217517779011795	377	57	0.00147275405007364	15.5000761728884	0.00217517779011795
Univ Maine	0.6136	-0.0361	1	83	3230	813	83	0.00152905198776758	154.980214924245	0.00313149187557441	813	83	0.00152905198776758	154.980214924245	0.00313149187557441
Univ Manchester	-0.493	-0.0308	3	29	1010	425	29	0.00140845070422535	5.21993642592788	0.00133044382913548	425	29	0.00140845070422535	5.21993642592788	0.00133044382913548
Univ Manitoba	-0.4212	0.8557	6	51	3306	1137	51	0.00144927536231884	69.8247045410724	0.00214798545971347	1137	51	0.00144927536231884	69.8247045410724	0.00214798545971347
Univ Maryland	0.4717	0.1617	1	172	9486	1238	172	0.00177304964539007	898.936576122052	0.00609501627260191	1238	172	0.00177304964539007	898.936576122052	0.00609501627260191
Univ Massachusetts	0.5808	0.1129	1	77	2744	655	77	0.00151745068285281	70.8820126445268	0.00286028104322839	655	77	0.00151745068285281	70.8820126445268	0.00286028104322839
Univ Melbourne	0.4317	-0.4021	7	63	2552	724	63	0.00148588410104012	48.6492833505497	0.00242635748197755	724	63	0.00148588410104012	48.6492833505497	0.00242635748197755
Univ Miami	0.3768	0.1051	1	80	3392	505	80	0.00151975683890578	36.6481179487284	0.00288586963601661	505	80	0.00151975683890578	36.6481179487284	0.00288586963601661
Univ Michigan	0.4962	0.4297	1	81	3180	831	81	0.00152671755725191	79.4505516413209	0.00298799686673505	831	81	0.00152671755725191	79.4505516413209	0.00298799686673505
Univ Milan	0.4619	-0.6781	5	16	740	347	16	0.00136612021857924	4.46039302192091	0.00100008710501366	347	16	0.00136612021857924	4.46039302192091	0.00100008710501366
Univ Minnesota	0.4694	0.0201	1	87	3210	826	87	0.00154083204930663	121.749503874705	0.00320627699111344	826	87	0.00154083204930663	121.749503874705	0.00320627699111344
Univ Montpellier	-0.4362	-0.6992	5	30	1466	318	30	0.00141043723554302	6.88513842759015	0.00137383812657375	318	30	0.00141043723554302	6.88513842759015	0.00137383812657375
Univ Montreal	-0.4018	0.9594	6	20	938	384	20	0.00138888888888889	1.30698525359523	0.00105646946029821	384	20	0.00138888888888889	1.30698525359523	0.00105646946029821
Univ Munich	0.0013	-0.2821	4	16	710	383	16	0.00137551581843191	1.31633748907871	0.000923681736075548	383	16	0.00137551581843191	1.31633748907871	0.000923681736075548
Univ Munster	0.0033	-0.0753	4	11	340	284	11	0.00136986301369863	0.597043234543235	0.000759147142407217	284	11	0.00136986301369863	0.597043234543235	0.000759147142407217
Univ N Carolina	0.7386	0.0707	8	18	508	392	18	0.0013869625520111	26.2729311697475	0.00105637326673765	392	18	0.0013869625520111	26.2729311697475	0.00105637326673765
Univ Naples Federico II	0.4433	-0.7686	5	6	394	311	6	0.0013262599469496	0.2	0.000683944905780654	311	6	0.0013262599469496	0.2	0.000683944905780654
Univ Nebraska	0.592	-0.1558	1	26	754	327	26	0.0013986013986014	4.14614985471221	0.00123205133154718	327	26	0.0013986013986014	4.14614985471221	0.00123205133154718
Univ Nevada	0.8169	0.4226	1	22	1048	386	22	0.00139082058414465	2.60218301186832	0.00110515548666305	386	22	0.00139082058414465	2.60218301186832	0.00110515548666305
Univ New Brunswick	-0.3954	1.0794	6	20	618	344	20	0.00134408602150538	3.59027001153599	0.00108920357247236	344	20	0.00134408602150538	3.59027001153599	0.00108920357247236
Univ New Hampshire	0.4676	0.3167	1	92	4190	777	92	0.0015527950310559	91.7545691662882	0.00331505635084543	777	92	0.0015527950310559	91.7545691662882	0.00331505635084543
Univ New South Wales	0.4256	-0.2945	7	111	5032	820	111	0.0016	222.274435567586	0.00398928998413477	820	111	0.0016	222.274435567586	0.00398928998413477
Univ Oregon	0.6857	0.2746	1	18	544	310	18	0.00138121546961326	1.03862361211827	0.000974886201336317	310	18	0.00138121546961326	1.03862361211827	0.000974886201336317
Univ Oslo	-0.6753	0.1559	2	156	10370	2699	156	0.00172413793103448	1014.40253472125	0.00569290338933118	2699	156	0.00172413793103448	1014.40253472125	0.00569290338933118
Univ Otago	0.1675	-0.2761	7	71	3188	1119	71	0.00149700598802395	85.7184291874945	0.00269626882796945	1119	71	0.00149700598802395	85.7184291874945	0.00269626882796945
Univ Ottawa	-0.3554	0.9778	6	59	2710	842	59	0.00147710487444609	69.5131627971639	0.00237872755219041	842	59	0.00147710487444609	69.5131627971639	0.00237872755219041
Univ Oulu	-0.7739	0.1907	2	47	2282	834	47	0.00143884892086331	108.379791734672	0.00209173308308734	834	47	0.00143884892086331	108.379791734672	0.00209173308308734
Univ Oxford	-0.0938	-0.1179	3	169	7814	1212	169	0.0017636684303351	712.758015951341	0.00591022584843388	1212	169	0.0017636684303351	712.758015951341	0.00591022584843388
Univ Paris	-0.2808	-0.7097	5	54	2806	536	54	0.00146627565982405	15.1498792303737	0.00209886854286445	536	54	0.00146627565982405	15.1498792303737	0.00209886854286445
Univ Pierre & Marie Curie	-0.2306	-0.4892	5	129	10322	1335	129	0.00164744645799012	378.94261820984	0.00463961685819727	1335	129	0.00164744645799012	378.94261820984	0.00463961685819727
Univ Pisa	0.4683	-0.6099	5	15	630	304	15	0.0013531799729364	6.9656691379945	0.000983515999921271	304	15	0.0013531799729364	6.9656691379945	0.000983515999921271
Univ Plymouth	-0.6298	-0.2452	3	32	1146	409	32	0.00141043723554302	7.49552948715111	0.00142442107289056	409	32	0.00141043723554302	7.49552948715111	0.00142442107289056
Univ Potsdam	0.1557	-0.5939	4	29	1874	481	29	0.00141242937853107	12.1182949616868	0.00137052624439578	481	29	0.00141242937853107	12.1182949616868	0.00137052624439578
Univ Pretoria	0.121	-0.5932	7	14	514	419	14	0.00137362637362637	1.92678223863418	0.0008696603068086	419	14	0.00137362637362637	1.92678223863418	0.0008696603068086
Univ Quebec	-0.3952	0.511	6	106	6300	1480	106	0.00158730158730159	298.694706500304	0.0039285281290363	1480	106	0.00158730158730159	298.694706500304	0.0039285281290363
Univ Queensland	0.4297	-0.3794	7	39	1408	470	39	0.00143061516452074	15.8457203667755	0.00166416889258935	470	39	0.00143061516452074	15.8457203667755	0.00166416889258935
Univ Reading	-0.0938	-0.0776	3	89	4644	853	89	0.00154559505409583	93.9754147631014	0.00324402652948303	853	89	0.00154559505409583	93.9754147631014	0.00324402652948303
Univ Rhode Island	0.3664	0.1402	1	48	1690	475	48	0.00144508670520231	9.9312634206425	0.00189701503304851	475	48	0.00144508670520231	9.9312634206425	0.00189701503304851
Univ S Florida	0.5232	0.0311	1	63	2320	422	63	0.00148588410104012	19.2125507896774	0.00236733457719946	422	63	0.00148588410104012	19.2125507896774	0.00236733457719946
Univ Sao Paulo	-0.0614	-1.0747	10	23	762	549	23	0.00138312586445367	3.33526280022694	0.00114719992240701	549	23	0.00138312586445367	3.33526280022694	0.00114719992240701
Univ Saskatchewan	-0.1093	0.79	6	87	3448	884	87	0.00154083204930663	239.891616368662	0.00335350884736583	884	87	0.00154083204930663	239.891616368662	0.00335350884736583
Univ Sci & Technol China	1.2169	-0.2768	8	8	670	346	8	0.00124069478908189	9.36660864395877	0.000795595868780463	346	8	0.00124069478908189	9.36660864395877	0.000795595868780463
Univ Sheffield	-0.4251	-0.0919	3	107	4552	894	107	0.00158982511923688	208.460531005944	0.00385757143320822	894	107	0.00158982511923688	208.460531005944	0.00385757143320822
Univ Siena	0.4817	-0.6074	5	22	904	364	22	0.00137362637362637	17.9016946251556	0.00124770920304665	364	22	0.00137362637362637	17.9016946251556	0.00124770920304665
Univ Southampton	-0.2092	-0.1953	3	142	9262	1219	142	0.00168350168350168	467.668912009455	0.00503030370673651	1219	142	0.00168350168350168	467.668912009455	0.00503030370673651
Univ Southern California	0.7406	0.1831	1	29	904	340	29	0.00141242937853107	2.17182100603487	0.00131073087866445	340	29	0.00141242937853107	2.17182100603487	0.00131073087866445
Univ Southern Denmark	-0.325	0.4348	2	17	1048	390	17	0.00137362637362637	27.5770655860221	0.00108133755760504	390	17	0.00137362637362637	27.5770655860221	0.00108133755760504
Univ St Andrews	-0.4734	-0.2209	3	62	2788	778	62	0.00147710487444609	65.7155655318084	0.00242780995326647	778	62	0.00147710487444609	65.7155655318084	0.00242780995326647
Univ Stockholm	-0.3256	0.2829	2	18	1228	353	18	0.00138504155124654	0.76800626539397	0.000966523406273398	353	18	0.00138504155124654	0.76800626539397	0.000966523406273398
Univ Sydney	0.4697	-0.433	7	15	516	343	15	0.00134048257372654	0.835128449459538	0.000887348428778456	343	15	0.00134048257372654	0.835128449459538	0.000887348428778456
Univ Tasmania	0.2645	-0.2877	7	178	12758	2220	178	0.0017921146953405	1050.01285598654	0.00635178079728353	2220	178	0.0017921146953405	1050.01285598654	0.00635178079728353
Univ Tennessee	1.0652	0.5948	1	10	286	304	10	0.00137551581843191	0	0.000717257706877788	304	10	0.00137551581843191	0	0.000717257706877788
Univ Texas	0.6139	0.1465	1	139	8220	1387	139	0.0016750418760469	454.366133273699	0.00495168620187542	1387	139	0.0016750418760469	454.366133273699	0.00495168620187542
Univ Texas Austin	0.6249	0.1085	1	83	5292	878	83	0.00152905198776758	81.6942947372379	0.00304084219773314	878	83	0.00152905198776758	81.6942947372379	0.00304084219773314
Univ Tokyo	0.3326	0.6501	9	133	8354	1500	133	0.00165837479270315	512.766271052814	0.0047996091577465	1500	133	0.00165837479270315	512.766271052814	0.0047996091577465
Univ Toronto	-0.1231	0.6843	6	129	6962	1719	129	0.00164744645799012	387.006889367764	0.0045969963644976	1719	129	0.00164744645799012	387.006889367764	0.0045969963644976
Univ Toulouse	-0.5069	-0.6826	5	48	2662	484	48	0.00145348837209302	12.0382071871724	0.00190941128645023	484	48	0.00145348837209302	12.0382071871724	0.00190941128645023
Univ Tromso	-0.8014	0.2442	2	173	14982	4259	173	0.00177619893428064	1899.73181543421	0.00651406051108576	4259	173	0.00177619893428064	1899.73181543421	0.00651406051108576
Univ Turku	-0.8902	0.197	2	13	564	352	13	0.00135869565217391	3.14273460299735	0.000881258343368622	352	13	0.00135869565217391	3.14273460299735	0.000881258343368622
Univ Utah	0.8272	0.3147	1	21	652	316	21	0.00135685210312076	0.201165381545128	0.00104831825031971	316	21	0.00135685210312076	0.201165381545128	0.00104831825031971
Univ Utrecht	-0.1468	-0.1219	4	181	11244	1661	181	0.0018018018018018	730.47969071308	0.00626132548603739	1661	181	0.0018018018018018	730.47969071308	0.00626132548603739
Univ Victoria	-0.1529	0.7168	6	82	3700	926	82	0.00152905198776758	99.5682586151422	0.00303298462470192	926	82	0.00152905198776758	99.5682586151422	0.00303298462470192
Univ Vienna	-0.507	-0.2787	4	60	2004	504	60	0.0014792899408284	79.8278654022755	0.00240730076308312	504	60	0.0014792899408284	79.8278654022755	0.00240730076308312
Univ Waikato	0.2598	-0.5312	7	26	934	341	26	0.00137174211248285	23.7777660631528	0.00132125304774661	341	26	0.00137174211248285	23.7777660631528	0.00132125304774661
Univ Wales	-0.7073	-0.3017	3	19	1206	396	19	0.00137174211248285	3.02038717039751	0.00102162811148022	396	19	0.00137174211248285	3.02038717039751	0.00102162811148022
Univ Washington	0.3362	0.2329	1	236	19344	3720	236	0.002	2563.94950795252	0.00848363462046859	3720	236	0.002	2563.94950795252	0.00848363462046859
Univ Waterloo	-0.3106	0.8647	6	57	2540	811	57	0.00146842878120411	63.2067751297023	0.00230285138618927	811	57	0.00146842878120411	63.2067751297023	0.00230285138618927
Univ Western Australia	0.4349	-0.3737	7	41	1490	498	41	0.00143472022955524	39.2567738848718	0.00176281414714321	498	41	0.00143472022955524	39.2567738848718	0.00176281414714321
Univ Western Ontario	-0.3101	1.1591	6	24	1764	523	24	0.00137931034482759	5.19625237346505	0.00120767648625974	523	24	0.00137931034482759	5.19625237346505	0.00120767648625974
Univ Wisconsin	0.5748	0.1325	1	140	9120	1322	140	0.00167785234899329	400.07471608018	0.00495420775169826	1322	140	0.00167785234899329	400.07471608018	0.00495420775169826
Univ Wisconsin Madison	0.5915	0.1275	1	129	8400	1106	129	0.00164744645799012	297.206950447938	0.00456622889724462	1106	129	0.00164744645799012	297.206950447938	0.00456622889724462
Univ Wyoming	0.5085	0.3948	1	30	1118	465	30	0.00141043723554302	4.63151264499422	0.00134870993982134	465	30	0.00141043723554302	4.63151264499422	0.00134870993982134
Univ Zurich	-0.4247	0.0115	4	45	1570	500	45	0.00144717800289436	13.9659498988923	0.0018259246063732	500	45	0.00144717800289436	13.9659498988923	0.0018259246063732
Uppsala Univ	-0.2462	0.0067	2	103	5100	1128	103	0.00157977883096367	241.792510010814	0.00377878313477586	1128	103	0.00157977883096367	241.792510010814	0.00377878313477586
Vernadsky Inst Geochem & Analyt Chem - RAS	-1.9815	0.176	11	7	842	321	7	0.00132978723404255	3.73440259384931	0.000733746080912919	321	7	0.00132978723404255	3.73440259384931	0.000733746080912919
Victoria Univ Wellington	0.422	-0.2667	7	81	3406	539	81	0.00152439024390244	91.7437539077274	0.00299878544578458	539	81	0.00152439024390244	91.7437539077274	0.00299878544578458
Vrije Univ Amsterdam	-0.2557	-0.1365	4	115	4758	737	115	0.00161030595813205	167.808011101107	0.00405620439884301	737	115	0.00161030595813205	167.808011101107	0.00405620439884301
Wageningen Univ	-0.3268	-0.0523	4	52	1874	419	52	0.00146198830409357	27.1796838912575	0.00206771140614372	419	52	0.00146198830409357	27.1796838912575	0.00206771140614372
Western Univ	-0.3099	1.1483	6	27	1912	560	27	0.00138504155124654	8.68776549496036	0.00131147740346556	560	27	0.00138504155124654	8.68776549496036	0.00131147740346556
Woods Hole Oceanog Inst	0.3627	0.0842	1	212	16790	2439	212	0.00190839694656489	1487.75664116816	0.00746759933518002	2439	212	0.00190839694656489	1487.75664116816	0.00746759933518002
Wuhan Univ	1.1914	-0.3881	8	3	208	304	3	0.00114155251141553	0.25	0.000519306328753738	304	3	0.00114155251141553	0.25	0.000519306328753738
Yale Univ	0.4902	0.1186	1	74	2496	468	74	0.00151057401812689	28.7987206062207	0.00269741086379055	468	74	0.00151057401812689	28.7987206062207	0.00269741086379055
York Univ	-0.2902	0.9428	6	34	1410	436	34	0.00141442715700141	18.3123948503135	0.00151830004820089	436	34	0.00141442715700141	18.3123948503135	0.00151830004820089
Zoo Inst - RAS	-1.7109	0.2172	11	12	1248	416	12	0.00136612021857924	4.08491170428404	0.000868843354604184	416	12	0.00136612021857924	4.08491170428404	0.000868843354604184
