7	8	4.5473
7	12	0.5569
7	13	6.1212
7	17	6.6681
7	18	0.9061
7	22	10.2677
7	27	2.1349
7	30	5.6227
7	32	9.062
7	37	20.6169
7	38	3.0458
7	43	5.6978
7	44	13.8455
7	47	22.5701
7	49	6.5879
7	53	5.049
7	55	2.1972
7	57	2.0586
7	59	1.6528
7	60	3.2546
7	61	20.5896
7	63	20.2657
7	70	3.5689
7	74	168.1653
7	93	10.9514
7	101	4.3935
7	107	8.6396
7	110	9.5901
7	111	14.417
7	114	3.4536
7	115	6.8639
7	118	3.093
7	119	2.4416
7	122	1.2674
7	123	2.3382
7	126	20.4916
7	131	13.4062
7	132	10.0968
7	134	3.385
7	139	3.2942
7	143	2.5829
7	145	28.2417
8	12	2.4879
8	13	15.8233
8	17	2.4727
8	18	6.9633
8	22	4.3195
8	27	5.883
8	30	18.4764
8	32	11.5289
8	37	24.4987
8	38	6.3055
8	43	12.6204
8	44	20.2432
8	47	40.7221
8	49	8.2733
8	53	10.2871
8	55	1.004
8	57	0.2609
8	59	5.3239
8	60	3.3664
8	61	27.7363
8	63	2.0726
8	70	8.3794
8	74	165.9265
8	93	17.9303
8	101	8.4933
8	107	4.6365
8	110	20.7806
8	111	11.8773
8	114	6.5862
8	115	9.8408
8	118	6.4938
8	119	6.6657
8	122	7.2649
8	123	7.8461
8	126	24.3988
8	131	16.2477
8	132	13.7077
8	134	0.5526
8	139	6.6741
8	143	4.5292
8	145	17.9519
12	13	3.2229
12	17	1.4177
12	18	3.4091
12	22	2.0694
12	27	1.2661
12	30	3.9509
12	32	1.4487
12	37	3.4253
12	38	4.4301
12	43	10.0497
12	44	9.4538
12	47	7.4326
12	49	0.9815
12	53	2.098
12	55	0.7872
12	57	0.1269
12	59	1.0514
12	60	1.525
12	61	8.3592
12	63	0.5
12	70	7.0538
12	74	193.5731
12	93	2.0869
12	101	0.9173
12	107	0.9588
12	110	11.1419
12	111	4.0269
12	114	1.9068
12	115	33.3496
12	118	0.2995
12	119	1.2715
12	122	2.3482
12	123	0.7552
12	126	1.5433
12	131	5.2863
12	132	4.7162
12	134	0.1111
12	139	1.3568
12	143	12.9354
12	145	7.3111
13	17	4.0581
13	18	6.6849
13	22	8.3915
13	27	7.5323
13	30	17.1166
13	32	16.7376
13	37	43.7359
13	38	7.4658
13	43	17.63
13	44	32.1438
13	47	36.8407
13	49	14.3974
13	53	11.3844
13	55	3.2175
13	57	1.3849
13	59	9.4787
13	60	7.345
13	61	39.7063
13	63	2.9742
13	70	5.7294
13	74	197.5676
13	93	35.9318
13	101	11.6361
13	107	8.3998
13	110	24.2838
13	111	17.8127
13	114	10.5399
13	115	9.8724
13	118	7.3004
13	119	7.9896
13	122	5.6156
13	123	9.4332
13	126	32.3176
13	131	27.9819
13	132	18.9979
13	134	1.5937
13	139	8.7894
13	143	5.9553
13	145	27.8589
17	18	1.3692
17	22	3.7866
17	27	1.2147
17	30	1.3649
17	32	6.5
17	37	9.9534
17	38	0.6802
17	43	3.0915
17	44	10.3678
17	47	12.712
17	49	2.3923
17	53	1.6246
17	55	2.3746
17	57	0.2158
17	59	0.9789
17	60	1.2759
17	61	8.6936
17	63	3.3028
17	70	1.7294
17	74	52.4647
17	93	4.5022
17	101	1.2716
17	107	4.1164
17	110	6.9013
17	111	9.2351
17	114	2.1777
17	115	3.9465
17	118	1.6302
17	119	2.7376
17	122	0.3131
17	123	1.5376
17	126	7.3426
17	131	3.0413
17	132	5.2332
17	134	0.8573
17	139	3.9892
17	143	0.4396
17	145	15.0181
18	22	1.1303
18	27	6.5859
18	30	11.6115
18	32	3.7722
18	37	9.2191
18	38	4.833
18	43	4.262
18	44	10.5806
18	47	13.5328
18	49	6.1634
18	53	9.6152
18	55	2.3767
18	57	0.1484
18	59	3.163
18	60	2.322
18	61	14.7017
18	63	0.975
18	70	6.4836
18	74	59.7434
18	93	10.853
18	101	3.3238
18	107	2.5037
18	110	17.0049
18	111	6.2891
18	114	11.4649
18	115	7.9723
18	118	1.2535
18	119	5.1158
18	122	7.7468
18	123	6.0121
18	126	9.7836
18	131	10.5261
18	132	7.6503
18	134	0.2699
18	139	6.1287
18	143	6.7701
18	145	7.7793
22	27	1.9612
22	30	7.2792
22	32	8.216
22	37	18.1553
22	38	5.3211
22	43	7.6036
22	44	10.6411
22	47	18.8001
22	49	3.3243
22	53	4.0443
22	55	2.5055
22	57	1.0205
22	59	3.6168
22	60	4.7498
22	61	12.9724
22	63	4.3992
22	70	3.3578
22	74	144.8762
22	93	10.0037
22	101	5.2648
22	107	7.5216
22	110	13.6537
22	111	3.9046
22	114	2.3596
22	115	6.8816
22	118	3.6115
22	119	0.9351
22	122	1.5617
22	123	2.0081
22	126	9.1641
22	131	13.3807
22	132	6.8724
22	134	1.381
22	139	2.481
22	143	1.3648
22	145	30.8404
27	30	12.1307
27	32	5.8783
27	37	10.2649
27	38	10.4665
27	43	6.786
27	44	10.7722
27	47	14.2541
27	49	8.6741
27	53	11.75
27	55	0.5778
27	57	0.6567
27	59	3.8872
27	60	5.6276
27	61	20.6395
27	63	1.0906
27	70	6.6446
27	74	61.1147
27	93	9.0333
27	101	3.7237
27	107	1.229
27	110	16.0851
27	111	9.8015
27	114	12.0575
27	115	5.9365
27	118	2.2869
27	119	11.5259
27	122	7.9177
27	123	11.6289
27	126	16.7092
27	131	9.4224
27	132	5.2998
27	134	0.1776
27	139	7.257
27	143	5.1719
27	145	9.9426
30	32	11.4978
30	37	29.6689
30	38	13.0361
30	43	12.8755
30	44	23.5582
30	47	34.2833
30	49	12.2369
30	53	22.0623
30	55	0.7573
30	57	1.8738
30	59	7.3508
30	60	5.2048
30	61	29.0231
30	63	3.3146
30	70	14.4211
30	74	212.6866
30	93	19.1259
30	101	8.3212
30	107	6.0823
30	110	40.2126
30	111	11.4381
30	114	15.6649
30	115	16.2074
30	118	3.4533
30	119	9.5238
30	122	24.166
30	123	11.3269
30	126	20.744
30	131	21.0617
30	132	14.1134
30	134	0.3409
30	139	11.655
30	143	10.4311
30	145	18.7271
32	37	28.6024
32	38	21.8633
32	43	35.8934
32	44	21.2767
32	47	38.1929
32	49	10.6684
32	53	8.9564
32	55	1.6659
32	57	3.3155
32	59	7.4851
32	60	5.1396
32	61	24.9568
32	63	3.0949
32	70	15.0499
32	74	213.6307
32	93	20.1518
32	101	30.9262
32	107	6.2585
32	110	18.7415
32	111	15.7609
32	114	8.0217
32	115	10.2415
32	118	6.5443
32	119	3.9849
32	122	3.1386
32	123	6.838
32	126	24.1047
32	131	48.8849
32	132	12.8469
32	134	0.617
32	139	5.711
32	143	2.684
32	145	22.1103
37	38	17.3915
37	43	33.398
37	44	67.0775
37	47	78.5389
37	49	28.7729
37	53	19.3849
37	55	10.0781
37	57	6.0188
37	59	13.1707
37	60	10.8123
37	61	76.276
37	63	6.7436
37	70	13.14
37	74	600.2524
37	93	59.8131
37	101	24.847
37	107	16.1933
37	110	54.7172
37	111	27.7098
37	114	21.8514
37	115	27.4721
37	118	19.118
37	119	10.8455
37	122	7.1762
37	123	13.3882
37	126	70.6712
37	131	49.6165
37	132	37.0822
37	134	1.3695
37	139	15.6655
37	143	10.4753
37	145	64.7916
38	43	37.2433
38	44	12.781
38	47	20.6613
38	49	5.662
38	53	13.0448
38	55	0.2054
38	57	0.7642
38	59	5.5916
38	60	4.7091
38	61	12.5886
38	63	1.2394
38	70	50.8379
38	74	196.7302
38	93	7.7533
38	101	19.9325
38	107	1.6877
38	110	22.2005
38	111	6.8056
38	114	8.6903
38	115	17.0327
38	118	4.1214
38	119	4.6567
38	122	7.9789
38	123	9.1795
38	126	14.1659
38	131	31.1823
38	132	7.9442
38	139	4.5563
38	143	3.7402
38	145	12.4743
43	44	27.3396
43	47	39.9175
43	49	13.3424
43	53	11.3118
43	55	1.7541
43	57	0.7905
43	59	6.4767
43	60	5.3603
43	61	27.8545
43	63	3.1064
43	70	24.3509
43	74	269.7313
43	93	22.8904
43	101	32.9901
43	107	6.8637
43	110	24.2654
43	111	11.8456
43	114	9.2567
43	115	17.357
43	118	5.556
43	119	5.3633
43	122	4.1517
43	123	7.1036
43	126	28.0534
43	131	47.9099
43	132	14.7907
43	134	0.6898
43	139	7.4361
43	143	3.7992
43	145	27.1904
44	47	71.5199
44	49	24.294
44	53	15.0429
44	55	3.0494
44	57	1.911
44	59	8.6167
44	60	8.862
44	61	73.8108
44	63	9.6022
44	70	15.1704
44	74	482.1639
44	93	38.2101
44	101	19.3042
44	107	11.1311
44	110	40.075
44	111	25.8843
44	114	17.3658
44	115	25.5661
44	118	9.8818
44	119	11.5986
44	122	6.869
44	123	10.5628
44	126	54.7888
44	131	35.5083
44	132	32.983
44	134	2.3554
44	139	18.9566
44	143	13.0809
44	145	55.754
47	49	27.1291
47	53	26.0306
47	55	6.4589
47	57	5.3317
47	59	11.526
47	60	11.6424
47	61	92.0309
47	63	14.5091
47	70	30.5844
47	74	880.7569
47	93	53.5954
47	101	25.9221
47	107	14.472
47	110	74.1444
47	111	30.7976
47	114	18.0576
47	115	35.8085
47	118	15.4761
47	119	12.7532
47	122	11.2918
47	123	16.2791
47	126	64.7944
47	131	55.8236
47	132	48.0038
47	134	4.074
47	139	22.7791
47	143	11.2633
47	145	76.6855
49	53	9.0986
49	55	2.8643
49	57	0.74
49	59	5.7036
49	60	6.4577
49	61	31.2855
49	63	1.2296
49	70	4.3198
49	74	92.8027
49	93	19.8515
49	101	11.1439
49	107	3.2233
49	110	21.4286
49	111	17.7466
49	114	11.2217
49	115	6.7252
49	118	4.1525
49	119	7.01
49	122	4.2623
49	123	7.3107
49	126	37.1404
49	131	17.6955
49	132	10.6915
49	134	0.2649
49	139	9.0574
49	143	2.651
49	145	16.0212
53	55	1.5776
53	57	1.6105
53	59	4.3875
53	60	4.999
53	61	21.5642
53	63	1.9013
53	70	10.3391
53	74	99.6799
53	93	11.2202
53	101	5.9616
53	107	2.7659
53	110	19.8924
53	111	8.9861
53	114	15.27
53	115	13.1133
53	118	3.0441
53	119	7.8591
53	122	11.4246
53	123	10.5197
53	126	20.5733
53	131	11.478
53	132	9.2892
53	134	0.5448
53	139	6.6597
53	143	5.2786
53	145	12.2755
55	57	3.187
55	59	0.272
55	60	0.9016
55	61	7.845
55	63	3.2454
55	70	1.1367
55	74	89.7314
55	93	2.8379
55	101	1.1087
55	107	8.8923
55	110	4.1623
55	111	1.5178
55	114	1.964
55	115	1.5208
55	118	1.9384
55	119	1.6455
55	122	0.3687
55	123	0.472
55	126	4.1487
55	131	3.9247
55	132	5.5064
55	134	1.1199
55	139	4.2711
55	143	0.4382
55	145	10.3921
57	59	0.3429
57	60	0.0769
57	61	4.8344
57	63	0.7644
57	70	0.9583
57	74	248.0415
57	93	3.5216
57	101	0.125
57	107	6.2842
57	110	3.3548
57	111	1.7458
57	114	2.0084
57	115	0.8861
57	118	0.5
57	119	1.2595
57	122	0.583
57	123	0.5531
57	126	6.5178
57	131	0.1922
57	132	1.1227
57	134	0.6303
57	139	2.5749
57	143	0.2111
57	145	4.4955
59	60	3.0632
59	61	12.5978
59	63	0.1835
59	70	3.4184
59	74	53.0444
59	93	10.6092
59	101	5.5053
59	107	1.1686
59	110	7.246
59	111	6.8544
59	114	5.0471
59	115	3.0703
59	118	5.448
59	119	1.8496
59	122	3.2098
59	123	3.4691
59	126	9.2318
59	131	9.1823
59	132	5.3021
59	134	1.5
59	139	2.2317
59	143	1.6361
59	145	7.0552
60	61	15.4139
60	63	1.6103
60	70	4.8925
60	74	52.4544
60	93	8.0159
60	101	3.1823
60	107	2.5444
60	110	7.5663
60	111	7.5403
60	114	5.8384
60	115	4.4163
60	118	1.9804
60	119	3.2795
60	122	1.7914
60	123	3.9634
60	126	12.2759
60	131	8.067
60	132	5.1436
60	134	0.3333
60	139	2.3252
60	143	1.7469
60	145	8.923
61	63	8.6554
61	70	13.57
61	74	506.9746
61	93	48.2297
61	101	18.4495
61	107	12.3026
61	110	52.561
61	111	37.2007
61	114	27.4179
61	115	30.5244
61	118	12.6013
61	119	18.7966
61	122	9.7314
61	123	17.3038
61	126	81.7454
61	131	49.3542
61	132	32.5437
61	134	2.7808
61	139	24.1797
61	143	8.3926
61	145	66.2048
63	70	3.1296
63	74	139.8719
63	93	4.7529
63	101	1.3174
63	107	5.31
63	110	3.2354
63	111	3.9865
63	114	1.1779
63	115	3.7649
63	118	0.9368
63	119	0.7496
63	122	1.3296
63	123	0.8775
63	126	6.13
63	131	6.2536
63	132	9.5314
63	134	4.7454
63	139	2.2387
63	143	1.7654
63	145	17.1152
70	74	415.61
70	93	7.0117
70	101	11.9569
70	107	3.628
70	110	27.481
70	111	8.066
70	114	8.3861
70	115	19.2041
70	118	3.294
70	119	5.7086
70	122	10.1201
70	123	6.374
70	126	11.6649
70	131	18.0196
70	132	4.9085
70	134	11.7214
70	139	3.9569
70	143	17.3486
70	145	13.2734
74	93	237.3121
74	101	150.1637
74	107	340.7613
74	110	765.3776
74	111	187.4756
74	114	108.2626
74	115	338.4662
74	118	81.7626
74	119	93.1504
74	122	110.982
74	123	80.6711
74	126	468.1385
74	131	511.6597
74	132	291.3482
74	134	93.2062
74	139	182.0912
74	143	372.3183
74	145	971.2584
93	101	18.1018
93	107	4.3211
93	110	35.1905
93	111	18.4075
93	114	14.2044
93	115	9.2922
93	118	8.9509
93	119	7.8916
93	122	5.3903
93	123	11.483
93	126	43.8587
93	131	32.2629
93	132	25.8732
93	134	0.9694
93	139	11.1724
93	143	3.653
93	145	36.782
101	107	3.0369
101	110	14.4182
101	111	8.9142
101	114	4.6038
101	115	7.2837
101	118	4.8287
101	119	3.244
101	122	2.9287
101	123	4.7827
101	126	20.1347
101	131	41.9202
101	132	10.0416
101	134	0.3373
101	139	4.6623
101	143	2.749
101	145	19.8302
107	110	22.2113
107	111	4.3857
107	114	2.1893
107	115	9.0836
107	118	1.8282
107	119	1.1163
107	122	1.1182
107	123	1.0807
107	126	13.5145
107	131	12.9242
107	132	7.5222
107	134	3.3846
107	139	5.2523
107	143	3.9364
107	145	34.5199
110	111	19.1432
110	114	22.5018
110	115	28.2858
110	118	8.5622
110	119	14.3479
110	122	21.0231
110	123	16.7562
110	126	44.2964
110	131	41.1155
110	132	23.3634
110	134	2.0556
110	139	21.0543
110	143	35.9774
110	145	41.5938
111	114	9.5815
111	115	8.4918
111	118	4.9995
111	119	7.1793
111	122	7.2054
111	123	7.1931
111	126	42.542
111	131	21.9356
111	132	10.4381
111	134	0.9089
111	139	10.9539
111	143	3.7545
111	145	25.2398
114	115	9.8614
114	118	2.6593
114	119	10.4965
114	122	9.4554
114	123	8.3846
114	126	18.1658
114	131	9.1801
114	132	8.603
114	134	0.597
114	139	8.4229
114	143	5.184
114	145	13.8606
115	118	3.8151
115	119	6.0394
115	122	5.6055
115	123	5.1282
115	126	16.2837
115	131	21.6441
115	132	8.7209
115	134	2.0127
115	139	5.1492
115	143	13.9763
115	145	31.2862
118	119	2.3036
118	122	1.5886
118	123	4.0826
118	126	8.2922
118	131	10.8186
118	132	4.4711
118	139	2.3826
118	143	1.6653
118	145	9.974
119	122	5.3373
119	123	8.8398
119	126	13.9523
119	131	6.3226
119	132	5.6483
119	134	0.4628
119	139	9.4973
119	143	3.4077
119	145	8.196
122	123	8.0338
122	126	8.3112
122	131	8.6817
122	132	3.3168
122	134	3.0442
122	139	4.1458
122	143	8.3819
122	145	4.8217
123	126	13.4547
123	131	7.5249
123	132	7.2244
123	139	5.8238
123	143	3.3846
123	145	6.0712
126	131	42.4086
126	132	29.4253
126	134	2.6346
126	139	22.9962
126	143	7.3947
126	145	51.6943
131	132	22.647
131	134	1.3907
131	139	10.0533
131	143	13.0205
131	145	37.0427
132	134	2.3452
132	139	6.2703
132	143	3.8736
132	145	30.4899
134	139	0.8442
134	143	1.5922
134	145	4.7987
139	143	3.9673
139	145	13.0356
143	145	14.0715
