id	x	y	cluster	weight<Links>	weight<Total link strength>
1000	-1.1996	-0.0914	2	203	127.6882
1001	0.4662	0.4131	4	203	74.7816
1002	0.7105	0.2559	1	203	72.5459
1003	0.8285	0.0737	1	203	98.2219
1004	0.9453	0.3063	1	203	48.5073
1005	1.0445	-0.285	1	203	99.4431
1006	0.628	0.0971	1	203	108.298
1007	0.7808	-0.2043	1	203	106.308
1008	-1.2105	0.2979	3	203	68.6221
1009	0.2527	0.1814	1	203	144.9008
1010	-0.7904	0.4541	3	203	119.081
1011	0.451	0.1562	1	203	123.2272
1012	0.9251	-0.1014	1	203	111.5257
1013	-0.5228	0.5622	3	203	106.5742
1014	0.8637	0.3186	1	203	46.8746
1015	0.0904	-0.4841	5	203	137.928
1016	1.1684	-0.315	1	203	71.1456
1017	-0.863	0.5183	3	203	92.138
1018	0.8134	-0.249	1	203	116.2965
1019	-1.2027	-0.2153	2	203	101.1396
1020	-0.6426	0.1705	2	203	134.1644
1021	-0.3737	0.4817	3	203	128.6372
1022	0.9782	-0.081	1	203	70.3452
1023	0.1224	0.0211	1	203	93.4272
1024	-0.5689	-0.2294	2	203	173.4844
1025	-0.2009	-0.5779	5	203	111.2396
1026	-0.3783	0.2975	3	203	170.7893
1027	1.037	0.6122	4	203	18.142
1028	0.9969	0.5844	4	203	26.7223
1029	-1.1842	-0.1421	2	203	133.8975
1030	0.776	-0.3769	1	203	133.9562
1031	0.7512	-0.445	1	203	106.4717
1032	0.9663	-0.2473	1	203	106.2398
1033	-0.7596	0.4545	3	203	115.5882
1034	-0.8305	-0.1178	2	203	165.1541
1035	-1.1075	-0.0675	2	203	86.0533
1036	-0.5508	0.096	2	203	168.5498
1037	0.6732	-0.4565	1	203	129.5241
1038	1.008	-0.0668	1	203	96.9177
1039	-0.9701	-0.0221	2	203	133.1412
1040	0.7266	-0.2866	1	203	131.5344
1041	0.5159	-0.3682	1	203	133.6912
1042	-1.0543	-0.2625	2	203	122.579
1043	0.5479	-0.6007	1	203	120.2936
1044	0.4133	0.4547	4	203	90.2586
1045	-0.8118	0.5681	3	203	83.9125
1046	0.8364	0.2346	1	203	70.3715
1047	-0.7427	-0.2285	2	203	131.7471
1048	0.7475	-0.1518	1	203	135.7234
1049	0.5549	0.3381	4	203	76.8974
1050	-0.0467	-0.1329	2	203	111.2261
1051	1.0325	-0.04	1	203	88.2734
1052	-0.2194	-0.1028	5	203	187.8203
1053	-0.8919	0.1175	2	203	131.4913
1054	0.7254	0.0661	1	203	101.4826
1055	0.6071	0.0484	1	203	132.2258
1056	-0.8453	0.538	3	203	81.2892
1057	-1.1438	-0.2127	2	203	67.1835
1058	0.2253	-0.2609	1	203	183.7242
1059	-0.7424	0.4681	3	203	109.6176
1060	-1.0753	0.4056	3	203	106.5068
1061	-0.4285	-0.107	2	203	175.2546
1062	0.8997	0.5624	4	203	35.1117
1063	-0.1753	-0.2424	5	203	185.8518
1064	-0.7339	-0.2679	2	203	137.5435
1065	-0.7882	0.2978	3	203	157.6031
1066	0.5495	-0.4876	1	203	140.0259
1067	-0.524	-0.4222	5	203	144.6186
1068	0.5941	0.1696	1	203	87.92
1069	-0.8019	-0.017	2	203	156.3583
1070	0.0888	-0.0969	6	203	178.625
1071	0.5886	-0.5354	1	203	128.2879
1072	-0.7995	0.1384	2	203	157.5925
1073	0.9697	-0.441	1	203	107.4083
1074	0.8477	-0.0213	1	203	105.4382
1075	0.4137	-0.2577	1	203	141.209
1076	-1.1003	0.464	3	203	20.2777
1077	-1.1267	0.3055	3	203	90.5548
1078	-1.182	-0.1824	2	203	107.5747
1079	-0.6995	0.3538	3	203	149.5615
1080	-0.7927	-0.0967	2	203	157.776
1081	1.1225	0.0109	1	203	68.5771
1082	-0.2431	-0.5111	5	203	115.7026
1083	0.8993	0.2473	1	203	73.6219
1084	0.3226	-0.5992	5	203	121.147
1085	-0.6446	-0.1272	2	203	170.0101
1086	-0.0512	0.3407	3	203	168.4908
1087	-0.9519	-0.1988	2	203	125.8107
1088	-0.4301	0.3258	3	203	162.3316
1089	0.9186	0.1466	1	203	76.3291
1090	-0.577	0.4623	3	203	116.0884
1091	1.028	-0.1708	1	203	59.4184
1092	-0.9009	-0.2835	2	203	105.2328
1093	-0.1306	0.2807	3	203	166.7274
1094	0.4506	0.2728	1	203	101.4404
1095	-0.4531	0.0643	2	203	168.8218
1096	1.0013	0.6398	4	203	17.8067
1097	0.9281	0.027	1	203	57.3054
1098	-0.2675	-0.2136	2	203	92.461
1099	0.2717	-0.5163	5	203	126.9515
1100	1.002	0.5921	4	203	18.8209
1101	-0.8196	0.3316	3	203	130.8066
1102	-0.149	0.0093	2	203	194.3717
1103	-1.1183	-0.2466	2	203	134.6635
1104	0.3107	-0.3347	1	203	173.665
1105	0.0751	0.3667	4	203	55.574
1106	0.5427	-0.4297	1	203	147.8877
1107	-0.6892	-0.3748	2	203	160.7242
1108	0.8883	0.295	1	203	61.1883
1109	0.6483	-0.1336	1	203	130.5689
1110	-0.9247	0.3318	3	203	114.9434
1111	-0.6409	0.0565	2	203	148.616
1112	0.9025	-0.2975	1	203	126.9719
1113	0.8722	0.5737	4	203	45.5777
1114	-0.4007	-0.2179	2	203	165.3523
1115	0.4541	0.0952	4	203	113.8635
1116	0.7702	-0.4876	1	203	124.1
1117	-0.3471	-0.2962	5	203	161.7887
1118	0.9821	0.5245	4	203	19.4222
1119	0.8491	0.1445	1	203	46.2162
1120	-0.8879	-0.0043	2	203	148.324
1121	0.8414	-0.2094	1	203	124.6944
1122	-0.4525	0.3112	3	203	163.7696
1123	-0.1544	-0.3837	5	203	118.855
1124	-0.987	0.0696	2	203	101.9521
1125	0.9986	0.6033	4	203	22.7499
1126	0.2098	0.3051	4	203	111.3322
1127	0.9174	0.2589	1	203	40.981
1128	0.645	0.0575	1	203	109.1957
1129	0.4058	-0.439	1	203	148.2813
1130	0.6571	-0.0737	1	203	127.6897
1131	0.2166	0.2509	4	203	52.6033
1132	-0.6961	0.0309	2	203	160.5646
1133	1.0675	-0.1161	1	203	64.6604
1134	1.0947	0.0109	1	203	76.6345
1135	-0.32	-0.4277	5	203	125.1646
1136	-0.2941	-0.5838	5	203	116.1044
1137	-0.6748	-0.2265	2	203	86.5881
1138	0.84	-0.4364	1	203	121.932
1139	0.8161	-0.3144	1	203	123.695
1140	-1.0914	-0.1877	2	203	138.7298
1141	-0.4124	-0.0549	3	203	130.5332
1142	-1.0221	-0.2154	2	203	123.8953
1143	0.696	0.3868	1	203	78.8647
1144	0.842	-0.4738	1	203	114.1352
1145	-0.7813	0.0783	2	203	133.1868
1146	0.0584	0.0909	4	203	125.2052
1147	-0.2179	0.1997	3	203	164.6959
1148	0.9189	-0.4791	1	203	88.5316
1149	0.9774	-0.0265	1	203	112.8056
1150	-1.131	-0.0974	2	203	133.4247
1151	-1.2544	-0.1784	2	203	108.3782
1152	0.7041	-0.2131	1	203	106.1236
1153	0.7609	-0.0514	1	203	111.193
1154	0.1287	0.3833	4	203	60.6005
1155	-0.846	-0.1811	2	203	81.247
1156	-0.858	-0.0875	2	203	154.4827
1157	0.899	0.1795	1	203	76.1696
1158	-0.8268	0.0259	2	203	161.2458
1159	-0.1803	0.1269	3	203	159.033
1160	-0.6774	-0.0395	2	203	162.1057
1161	-0.0069	-0.4821	5	203	128.9643
1162	-0.9671	0.3909	3	203	36.4786
1163	-0.5346	0.4868	3	203	125.8378
1164	-1.0752	-0.3018	2	203	135.4269
1165	-0.9819	0.1074	2	203	160.852
1166	-0.7177	0.3035	3	203	156.2705
1167	-0.2093	-0.1294	2	203	87.7583
1168	-0.2531	-0.5589	5	203	128.3241
1169	0.8496	-0.1377	1	203	102.1745
1170	0.4592	0.0065	1	203	127.3354
1171	-0.5267	-0.1321	2	203	166.9526
1172	0.5122	-0.1534	1	203	157.3744
1173	-0.4186	-0.549	5	203	134.9422
1174	-0.8532	-0.3924	2	203	126.9696
1175	-0.3736	0.0892	2	203	162.5023
1176	0.1177	-0.1118	4	203	141.6647
1177	-0.5756	0.2203	3	203	112.3458
1178	-0.3736	0.1317	2	203	131.1617
1179	1.0571	-0.3206	1	203	85.5837
1180	0.3307	0.3273	4	203	75.884
1181	0.7616	0.1744	1	203	78.4168
1182	0.5806	0.0123	1	203	149.0784
1183	-0.4305	0.0036	2	203	134.016
1184	-0.395	0.223	3	203	135.077
1185	0.9996	0.2357	1	203	45.002
1186	0.0238	0.1738	4	203	122.6252
1187	1.0302	0.6289	4	203	18.9905
1190	-0.5862	-0.2614	2	203	165.8746
1191	0.8148	0.133	1	203	34.1923
1192	-1.1779	0.3316	3	203	90.401
1193	-1.1748	-0.064	2	203	133.9332
1194	-0.3929	-0.5086	5	203	52.739
1196	-0.0447	0.2981	3	203	143.7504
1198	-0.5743	0.3936	3	203	144.0168
1212	-0.0934	-0.5802	5	203	120.0434
1215	0.3736	0.2732	1	203	96.9118
1219	-0.5609	-0.5464	5	203	134.3806
1226	-0.8652	-0.2192	2	203	148.6374
1234	0.2915	0.338	4	203	72.0708
1236	0.5344	0.3982	4	203	33.5761
1238	0.4845	0.3466	4	203	92.3211
1241	0.0407	-0.434	5	203	144.3943
1264	-0.6077	0.0023	2	203	153.05
