id	label	x	y	cluster	weight<Links>	weight<Total link strength>	weight<no patents>	score<평균출원연도>	weight<출원인국가 미국>	weight<출원인국가 중국>	weight<출원인국가 대한민국>	weight<출원인기관 DAEWOO>	weight<출원인기관 KIOST>	weight<출원인기관 CONOCOPHILLIPS>	weight<출원인기관 PRIC>	weight<출원인기관 AWI>
accordance	Accordance	-0.0734	-0.0135	1	55	170	13	2009.307692	0	0	1.960784314	3.174603175	0	0	0	0
acetone	Acetone	-0.4412	0.0134	2	48	222	13	2012.538462	0	4.402515723	0	0	0	0	0	0
acid	Acid	-0.6215	-0.0766	2	51	158	13	2012.846154	0	0.628930818	2.614379085	0	8.510638298	0	0	0
ACID SEQUENCE	Acid Sequence	-0.9324	-0.4846	3	27	322	10	2007.2	2.380952381	0	0.653594771	0	2.127659574	0	0	0
active enzymes	Active Enzymes	-0.7841	-0.3618	3	36	192	7	2009.857143	1.19047619	0.628930818	0	0	0	0	0	0
ACTIVE SUBSTANCE	Active Substance	-0.5829	-0.1463	3	33	90	7	2004.285714	0	0.628930818	0	0	0	0	0	0
ADDING N-HEXANE	Adding N-Hexane	-0.5068	0.0224	2	26	94	5	2013	0	2.51572327	0	0	0	0	0	0
AGITATED ICE PREVENTION	Agitated Ice Prevention	3.172	-0.2132	8	20	200	5	2011	2.380952381	0	0	0	0	10.52631579	0	0
AGITATION	Agitation	3.1208	-0.2155	8	21	190	5	2011	2.380952381	0	0	0	0	10.52631579	0	0
air	Air	0.0707	0.011	1	116	422	28	2010.75	2.380952381	0.628930818	8.496732026	12.6984127	0	0	2.941176471	10.52631579
air condition	Air Condition	0.3077	0.0336	9	20	100	7	2012.571429	0.595238095	0	3.921568627	9.523809524	0	0	0	0
air supply	Air Supply	0.2613	0.0234	9	15	80	6	2013.166667	0.595238095	0	2.614379085	6.349206349	0	0	0	0
alkaline phosphatase	Alkaline Phosphatase	-0.8947	-0.3049	3	18	156	6	2004	2.976190476	0	0	0	0	0	0	0
ALPINUM	Alpinum	-1.0402	-0.0543	5	9	70	8	2014.5	0	0	4.575163399	0	17.0212766	0	0	0
Alzheimer's disease	Alzheimer Disease	-0.674	-0.3147	3	3	18	5	2004.6	0.595238095	0	0	0	0	0	0	0
amino acid	Amino Acid	-0.5475	-0.0521	2	51	158	11	2014.636364	0	3.144654088	0	0	0	0	0	0
amino acid sequence	Amino Acid Sequence	-0.7139	-0.2495	3	37	204	15	2010.066667	1.785714286	1.886792453	1.307189542	0	4.255319149	0	0	0
anchor	Anchor	0.5404	-0.1063	4	38	284	9	2011.444444	2.976190476	0	0	0	0	0	0	0
animal	Animal	-0.4863	-0.2034	6	79	308	12	2004.833333	1.19047619	1.886792453	0.653594771	0	0	0	0	0
animal cell membrane	Animal Cell Membrane	-0.3609	-0.4019	6	22	196	6	1991.166667	2.380952381	0	0	0	0	0	0	0
animal cells	Animal Cells	-0.3603	-0.4025	6	22	196	6	1991.166667	2.380952381	0	0	0	0	0	0	0
Antarctic	Antarctic	-0.1512	0.2248	1	126	748	44	2008.886364	0	3.144654088	3.921568627	0	2.127659574	0	0	0
antarctic bacteria	Antarctic Bacteria	-0.987	-0.525	3	17	162	6	2009.166667	1.19047619	0	0	0	0	0	0	0
antarctic circle	Antarctic Circle	-0.0083	0.0388	1	19	48	6	2009.5	0	1.886792453	0	0	0	0	0	0
Antarctic continent	Antarctic Continent	-0.5373	-0.251	3	15	96	8	2008.875	0	0.628930818	0	0	0	0	0	0
Antarctic Continent Deschampsia Antarctica	Antarctic Continent Deschampsia Antarctica	-0.5869	-0.282	3	8	72	5	2009	0	0	0	0	0	0	0	0
Antarctic fish	Antarctic Fish	-0.3697	-0.3973	6	24	202	8	1995.375	2.976190476	0	0.653594771	0	2.127659574	0	0	0
Antarctic krill	Antarctic Krill	-0.4654	-0.0689	2	203	1898	119	2013.10084	2.380952381	24.52830189	0.653594771	0	0	0	0	0
Antarctic krill Euphausia superba	Antarctic Krill Euphausia Superba	-0.8383	-0.3991	3	31	180	5	2005.8	1.19047619	0.628930818	0	0	0	0	0	0
Antarctic krill meal	Antarctic Krill Meal	-0.5572	-0.0413	2	86	322	22	2016.318182	0	2.51572327	0	0	0	0	0	0
Antarctic krill meat	Antarctic Krill Meat	-0.4301	-0.0646	2	28	60	5	2016.6	0	0.628930818	0.653594771	0	0	0	0	0
Antarctic krill oil	Antarctic Krill Oil	-0.4837	-0.0104	2	109	748	52	2015.326923	0	8.805031447	0	0	0	0	0	0
antarctic krill phospholipid	Antarctic Krill Phospholipid	-0.5084	-0.0217	2	35	92	5	2014.8	0	0.628930818	0	0	0	0	0	0
antarctic krill powder	Antarctic Krill Powder	-0.5193	-0.034	2	159	910	53	2015.358491	0	8.176100629	0	0	0	0	0	0
Antarctic krill protein	Antarctic Krill Protein	-0.4892	-0.004	2	42	120	7	2016.428571	0	1.886792453	0	0	0	0	0	0
Antarctic krill shell	Antarctic Krill Shell	-0.4108	-0.0682	2	36	118	7	2015.714286	0	1.257861635	0	0	0	0	0	0
antarctic lichen	Antarctic Lichen	-1.0751	-0.0596	5	9	84	7	2011.571429	0	0	3.267973856	0	14.89361702	0	0	0
Antarctic lichen Ramalina terebrata	Antarctic Lichen Ramalina Terebrata	-1.4328	0.1194	5	23	332	12	2010.583333	0	0	6.535947712	0	21.27659574	0	0	0
antarctic marine origin	Antarctic Marine Origin	-0.9277	-0.4804	3	27	402	12	2007.416667	2.380952381	0	0	0	0	0	0	0
ANTARCTIC PHOSPHATASE	Antarctic Phosphatase	-0.8954	-0.3042	3	18	156	6	2004	2.976190476	0	0	0	0	0	0	0
Antarctic pole	Antarctic Pole	-0.2243	-0.0634	1	29	60	7	2014.857143	0	0.628930818	0	0	0	0	2.941176471	0
Antarctic region	Antarctic Region	-0.6982	0.0568	5	27	88	7	2011.857143	0	0	1.307189542	0	6.382978723	0	0	0
Antarctica	Antarctica	-0.5596	-0.2546	3	15	90	7	2011.142857	0	0	0	0	0	0	0	0
antifreeze glycopeptide	Antifreeze Glycopeptide	-0.3595	-0.4011	6	22	196	6	1991.166667	2.380952381	0	0	0	0	0	0	0
antifreeze polypeptide	Antifreeze Polypeptide	-0.3595	-0.4023	6	22	196	6	1991.166667	2.380952381	0	0	0	0	0	0	0
antioxidant	Antioxidant	-0.5925	-0.1181	2	73	292	15	2014.866667	0	3.144654088	0.653594771	0	0	0	0	0
aqueous compositions	Aqueous Compositions	-0.3602	-0.4009	6	22	196	6	1991.166667	2.380952381	0	0	0	0	0	0	0
aqueous solution	Aqueous Solution	-0.3498	-0.2384	6	52	164	8	2011.25	1.19047619	1.257861635	0	0	0	0	0	5.263157895
Arctic	Arctic	0.6759	0.3349	1	210	1952	119	2007.655462	19.04761905	2.51572327	3.921568627	4.761904762	0	2.631578947	0	0
arctic char	Arctic Char	-0.7978	-0.2345	3	6	36	5	2003.4	1.785714286	0	0	0	0	0	0	0
arctic circle	Arctic Circle	-0.0015	0.043	1	17	42	5	2008.6	0	1.886792453	0	0	0	0	0	0
arctic climate	Arctic Climate	-0.0044	-0.0135	1	12	52	10	2012.1	2.380952381	0	0	0	0	0	0	0
ARCTIC CONDITION	Arctic Condition	0.1551	-0.0515	1	82	324	28	2004.964286	1.785714286	0.628930818	1.307189542	1.587301587	0	0	0	0
arctic drill	Arctic Drill	0.523	0.0501	9	27	182	9	2010.111111	3.571428571	0	1.960784314	3.174603175	0	5.263157895	0	0
arctic drill ship	Arctic Drill Ship	0.4072	0.1003	9	15	168	6	2011	1.19047619	0	3.921568627	6.349206349	0	0	0	0
arctic drilling platform	Arctic Drilling Platform	1.6054	-0.7103	7	22	546	13	2008.461538	2.976190476	0	0	0	0	0	0	0
arctic environment	Arctic Environment	0.471	-0.0349	4	35	164	20	2008.4	3.571428571	0.628930818	1.960784314	3.174603175	0	0	0	0
Arctic fox	Arctic Fox	-0.4265	-0.0643	2	26	68	8	2011.75	0	2.51572327	0	0	0	0	0	0
Arctic Ocean	Arctic Ocean	-0.0459	-0.0721	1	71	256	25	2011.48	1.19047619	0.628930818	7.843137255	1.587301587	14.89361702	5.263157895	2.941176471	0
ARCTIC OFFSHORE REGION	Arctic Offshore Region	0.5697	-0.0213	4	7	70	5	2014	2.380952381	0	0	0	0	0	0	0
ARCTIC PLATFORM	Arctic Platform	1.4921	-0.6562	7	30	578	17	2006.235294	3.571428571	0	0	0	0	0	0	0
arctic pole	Arctic Pole	-0.1795	0.013	1	25	76	7	2011.428571	0	0.628930818	1.307189542	0	0	0	0	0
arctic region	Arctic Region	0.0188	0.2364	4	129	720	57	2010.491228	5.357142857	0	5.882352941	12.6984127	0	0	0	0
arctic sea	Arctic Sea	0.124	-0.0666	1	43	188	15	2010.533333	0	0	0.653594771	0	0	0	0	0
arctic shelf	Arctic Shelf	0.1931	-0.0264	1	37	130	9	2003.777778	0	0	0	0	0	0	0	0
arctic ship	Arctic Ship	0.2257	0.0183	9	50	256	28	2013.714286	1.19047619	0	17.64705882	36.50793651	0	0	0	0
arctic tundra	Arctic Tundra	0.1087	-0.2513	6	16	128	7	2006.571429	0	0	0	0	0	0	0	0
arctic vessel	Arctic Vessel	0.2034	-0.0187	1	90	484	33	2013.848485	2.976190476	0	16.99346405	36.50793651	0	0	0	0
arctic weather	Arctic Weather	-0.159	-0.0309	1	13	30	5	2017.6	0	1.257861635	0	0	0	0	0	0
Arctic zone	Arctic Zone	0.3452	0.2022	4	36	122	14	2007.214286	0	0	0.653594771	0	0	0	0	0
arctic-alpine area	Arctic-Alpine Area	-0.1014	-0.0095	1	16	40	6	2013.666667	0	0	0	0	0	0	0	0
Artic	Artic	-0.2858	-0.3103	6	29	102	5	2003.8	1.785714286	0	1.307189542	3.174603175	0	0	0	0
ARTIC VESSEL	Artic Vessel	0.1029	0.0007	1	28	96	7	2014.857143	0	0	4.575163399	11.11111111	0	0	0	0
assembled drilling platform	Assembled Drilling Platform	1.6032	-0.7098	7	22	546	13	2008.461538	2.976190476	0	0	0	0	0	0	0
assembly	Assembly	0.1441	-0.1624	6	40	202	11	2012.272727	0	0	0	0	0	0	0	0
astaxanthin	Astaxanthin	-0.535	-0.0381	2	111	496	25	2014.48	0	5.660377358	0	0	0	0	0	0
AstroMelanin	Astromelanin	-0.598	-0.1819	3	8	48	6	1997	0	0	0	0	0	0	0	0
astronomical telescope	Astronomical Telescope	-0.1971	0.0692	1	15	30	6	2014.166667	0	1.257861635	0	0	0	0	0	0
atmosphere	Atmosphere	0.0149	0.0341	1	30	120	5	2017.8	0	0	0.653594771	1.587301587	0	0	0	0
auxiliary equipment	Auxiliary Equipment	1.5996	-0.2343	7	17	276	9	2002.444444	2.380952381	0	0	0	0	0	0	0
auxiliary material	Auxiliary Material	-0.5297	-0.0457	2	48	110	8	2016.5	0	1.257861635	0	0	0	0	0	0
bacteria	Bacteria	-0.5119	-0.143	3	25	64	5	2016.6	0	0.628930818	0	0	0	0	0	0
bacterial strain	Bacterial Strain	-0.5288	-0.1471	3	29	72	5	2012.8	0	1.257861635	0	0	0	0	2.941176471	0
bacterium	Bacterium	-0.4988	-0.1915	3	13	36	5	2011.8	0	0.628930818	0.653594771	0	2.127659574	0	0	0
bait	Bait	-0.4304	-0.0174	2	41	158	14	2012.785714	0	3.144654088	0	0	0	0	0	0
ballast tank	Ballast Tank	0.1121	-0.0101	1	38	102	9	2012.888889	0	0	3.267973856	7.936507937	0	0	0	0
battery	Battery	0.0289	0.0337	1	45	150	11	2014.090909	0	0	1.960784314	0	0	0	2.941176471	10.52631579
bean pulp	Bean Pulp	-0.5667	-0.0633	2	40	94	5	2017	0	1.257861635	0	0	0	0	0	0
betaine	Betaine	-0.5518	-0.0298	2	51	202	12	2015.416667	0	1.257861635	0	0	0	0	0	0
BICYCLE TOUR	Bicycle Tour	-0.3581	0.7424	5	17	238	7	2009	0	0	3.267973856	0	0	0	0	0
biomass	Biomass	-0.479	-0.1795	3	20	98	7	2002.714286	0	0	0	0	0	0	0	0
biotechnology	Biotechnology	-0.5968	-0.1429	3	24	82	9	2001.666667	0.595238095	0.628930818	0	0	0	0	2.941176471	0
blow-by gas	Blow-By Gas	-0.6932	0.8003	4	10	100	6	2016	0	0	0	0	0	0	0	0
body	Body	-0.2273	-0.0404	1	72	186	19	2010	0	3.144654088	1.960784314	1.587301587	0	0	5.882352941	5.263157895
bottom	Bottom	0.0615	-0.0549	1	130	428	35	2010.457143	0.595238095	1.257861635	1.960784314	1.587301587	2.127659574	0	2.941176471	0
cabin	Cabin	0.0633	-0.0311	1	31	70	6	2016.333333	0	0.628930818	1.307189542	3.174603175	0	0	0	0
cable	Cable	0.0997	-0.0382	1	60	204	14	2011.357143	0	0.628930818	0	0	0	0	0	15.78947368
calcium chloride	Calcium Chloride	-0.5891	-0.0931	2	13	50	5	2017.4	0	1.886792453	0	0	0	0	0	0
calcium dihydrogen phosphate	Calcium Dihydrogen Phosphate	-0.6258	-0.0516	2	61	346	15	2016.8	0	2.51572327	0	0	0	0	0	0
cancer	Cancer	-0.3651	-0.0543	1	25	128	13	2004.923077	3.571428571	0	0	0	0	0	0	0
carbon	Carbon	0.0899	1.1645	10	39	502	12	2005.416667	1.19047619	1.257861635	0	0	0	0	0	0
catfish	Catfish	-0.7603	-0.1995	3	25	76	6	2006.5	1.785714286	0	0	0	0	0	0	0
cell	Cell	-0.311	-0.2317	6	43	156	11	2008.363636	1.19047619	0	4.575163399	0	12.76595745	0	0	0
centrifuge	Centrifuge	-0.4792	-0.0855	2	48	124	10	2016.5	0	1.257861635	0	0	0	0	0	0
channel	Channel	0.4244	-0.0292	4	31	142	11	2013.727273	4.166666667	0	0	0	0	0	0	0
characterization	Characterization	-0.8955	-0.3047	3	18	156	6	2004	2.976190476	0	0	0	0	0	0	0
chitosan	Chitosan	-0.5077	-0.041	2	26	68	5	2015.2	0	0.628930818	0	0	0	0	0	0
choline chloride	Choline Chloride	-0.6164	-0.0454	2	64	394	21	2015.714286	0	4.402515723	0	0	0	0	0	0
clean	Clean	-0.1722	-0.0387	1	91	302	14	2012.142857	0	1.257861635	0	0	0	0	0	0
coding gene	Coding Gene	-0.5331	-0.1786	3	23	98	9	2016.777778	0	4.402515723	0	0	0	0	0	0
cold region	Cold Region	-0.6602	0.7147	4	20	126	8	2014.5	0	0	0.653594771	0	0	0	0	0
color	Color	-0.4382	0.489	5	56	348	14	2012.428571	0	0.628930818	3.267973856	0	0	0	0	0
combining	Combining	-0.341	-0.0464	1	73	230	18	2011.5	0.595238095	1.886792453	0.653594771	0	0	0	0	0
combustion chamber	Combustion Chamber	-0.6956	0.8045	4	9	90	5	2016	0	0	0	0	0	0	0	0
commercial purposes	Commercial Purposes	-0.9268	-0.4816	3	27	402	12	2007.416667	2.380952381	0	0	0	0	0	0	0
component	Component	-0.3301	-0.0439	2	148	748	57	2015.561404	2.380952381	5.660377358	0	0	0	0	0	10.52631579
compound	Compound	-0.9156	-0.0126	5	105	548	38	2011.789474	2.380952381	2.51572327	7.189542484	0	29.78723404	0	2.941176471	0
COMPOUND FEED	Compound Feed	-0.6218	-0.0333	2	52	268	12	2016.666667	0	2.51572327	0	0	0	0	0	0
COMPOUND RAMALIN	Compound Ramalin	-1.1905	0.0673	5	10	104	7	2009	0	0	3.267973856	0	12.76595745	0	0	0
comprehensive utilization	Comprehensive Utilization	-0.3802	-0.0717	1	29	66	5	2013.2	0	1.886792453	0	0	0	0	0	0
computer	Computer	0.1172	1.1724	10	36	488	13	2005.769231	1.19047619	0.628930818	0	0	0	0	0	0
condenser	Condenser	-0.2932	0.0069	2	58	136	9	2012.666667	0	0.628930818	1.960784314	1.587301587	0	0	0	0
conductor pipes	Conductor Pipes	0.4423	0.2694	4	6	36	5	1998.2	0	0	0	0	0	0	0	0
conjunction	Conjunction	0.1287	-0.2639	6	13	120	5	2007.4	0	0	0	0	0	0	0	0
CONSTRUCTION MODULE	Construction Module	0.1287	-0.2635	6	13	120	5	2007.4	0	0	0	0	0	0	0	0
consumer	Consumer	-0.0209	-0.0366	1	33	78	5	2007.6	0	0.628930818	0	0	0	0	0	0
container	Container	0.0357	-0.052	1	36	98	7	2010.714286	0	0.628930818	0.653594771	0	0	0	0	0
CONTAINING RAMALIN	Containing Ramalin	-1.3963	0.1206	5	24	324	11	2010.727273	0	0	5.882352941	0	21.27659574	0	0	0
CONTAMINANT	Contaminant	-0.093	-0.0652	1	21	54	5	2006.8	1.785714286	0	0	0	0	0	0	0
control device	Control Device	0.0222	-0.0156	1	13	42	6	2012	0	0.628930818	0	0	0	0	0	5.263157895
control system	Control System	0.0343	0.0145	1	37	112	7	2015.857143	0	0	1.307189542	3.174603175	0	0	0	0
convenience	Convenience	-0.1684	-0.0467	1	67	150	9	2013.111111	0	1.886792453	1.307189542	0	0	0	0	0
conventional jack	Conventional Jack	2.8389	-0.1935	8	27	736	21	2011.095238	7.142857143	0	0	0	0	47.36842105	0	0
conventional jack-up rig	Conventional Jack-Up Rig	2.9213	-0.189	8	32	946	27	2011.111111	11.9047619	0	0	0	0	31.57894737	0	0
conversion rate	Conversion Rate	-0.6127	-0.0671	2	27	80	5	2016.2	0	0	0	0	0	0	0	0
cooking	Cooking	0.0276	1.0907	10	51	520	14	2007.142857	1.19047619	0	0	0	0	0	0	0
cooling	Cooling	-0.1515	0.0123	1	106	370	23	2013.869565	0	0	5.882352941	4.761904762	0	0	0	0
corn protein powder	Corn Protein Powder	-0.6263	-0.0247	2	41	170	6	2016.333333	0	1.257861635	0	0	0	0	0	0
CORRESPONDING AMINO ACID SEQUENCE	Corresponding Amino Acid Sequence	-0.9277	-0.4813	3	27	402	12	2007.416667	2.380952381	0	0	0	0	0	0	0
cosmetic	Cosmetic	-0.5788	-0.1737	3	39	138	16	2015.8125	0	2.51572327	1.960784314	0	4.255319149	0	0	0
cost	Cost	-0.0877	0.4951	10	147	872	37	2012	2.380952381	1.257861635	0.653594771	1.587301587	0	5.263157895	8.823529412	0
CPD photolyase	Cpd Photolyase	-0.6323	-0.1955	3	12	58	5	2016.6	0	1.257861635	0	0	0	0	0	0
crude oil	Crude Oil	-0.2459	-0.0533	1	33	106	8	2012.125	2.976190476	0	0	0	0	0	0	0
cryogenic environment	Cryogenic Environment	0.0018	-0.0387	1	35	88	6	2014.833333	0	0	2.614379085	6.349206349	0	0	0	0
cryogenic temperature	Cryogenic Temperature	0.0096	0.0126	1	30	112	5	2017.2	0	0	0.653594771	1.587301587	0	0	0	0
culture	Culture	-0.5212	-0.1806	3	44	172	17	2011.647059	1.785714286	1.886792453	2.614379085	0	8.510638298	0	2.941176471	0
culture media	Culture Media	-0.6062	-0.1953	3	43	196	14	2008.428571	2.976190476	3.773584906	0	0	0	0	0	0
culture medium	Culture Medium	-0.519	-0.1458	3	23	50	7	2011	0	0.628930818	1.960784314	0	4.255319149	0	0	0
cutaneous photoprotection	Cutaneous Photoprotection	-0.5858	-0.2823	3	8	80	6	2009	0	0	0	0	0	0	0	0
damage	Damage	-0.095	-0.0132	1	96	266	17	2014.588235	0.595238095	0	3.921568627	7.936507937	2.127659574	2.631578947	0	0
danger	Danger	0.2897	-0.0754	1	27	68	5	2011.8	0	0	1.307189542	0	0	0	0	0
data	Data	0.0243	-0.0225	1	53	140	17	2015.588235	1.785714286	2.51572327	1.307189542	1.587301587	0	5.263157895	2.941176471	0
DATUM	Datum	0.0178	-0.0273	1	14	44	8	2017.125	0	1.886792453	0	0	0	0	2.941176471	10.52631579
deck	Deck	0.1237	-0.2056	6	33	176	11	2010.090909	0	0	2.614379085	3.174603175	0	0	0	0
DEFENSIVE CONFIGURATION	Defensive Configuration	2.876	-0.1867	8	32	1456	42	2011.119048	16.66666667	0	0	0	0	68.42105263	0	0
deforestation	Deforestation	0.1562	1.3899	10	24	464	10	2004.1	1.19047619	0	0	0	0	0	0	0
deformation	Deformation	0.1313	0.0329	1	35	156	10	2009.5	0	0	1.960784314	4.761904762	0	0	0	0
deionized water	Deionized Water	-0.3872	-0.0478	2	37	94	7	2014.571429	0	0.628930818	0	0	0	0	0	5.263157895
density	Density	-0.2794	-0.0697	3	33	118	11	2003.272727	0	1.886792453	0	0	0	0	0	0
dephosphorylation	Dephosphorylation	-0.8947	-0.3044	3	18	156	6	2004	2.976190476	0	0	0	0	0	0	0
derrick	Derrick	0.3149	0.0478	9	30	200	14	2011.214286	1.785714286	0	7.189542484	15.87301587	0	0	0	0
Deschampsia antarctica	Deschampsia Antarctica	-0.5724	-0.2639	3	13	110	8	2009.75	0	0	0	0	0	0	0	0
desert	Desert	-0.0958	0.0282	1	33	146	12	2005.666667	0	0.628930818	1.960784314	0	0	0	0	0
detection	Detection	-0.1927	-0.0554	1	27	118	10	2013.8	1.785714286	0.628930818	0	0	0	0	0	0
device	Device	0.0591	-0.0404	1	135	556	57	2012.210526	1.785714286	2.51572327	1.307189542	1.587301587	0	0	5.882352941	21.05263158
DHA	Dha	-0.4782	-0.0346	2	69	238	15	2015.8	0	1.257861635	0.653594771	0	0	0	0	0
diameter	Diameter	0.0019	-0.0621	1	58	126	9	2012	0	0.628930818	0	0	0	0	0	0
diesel fuel	Diesel Fuel	-0.0616	0.0466	1	31	102	10	2007.6	1.785714286	0	0	0	0	0	0	0
digestion	Digestion	-0.5999	-0.0349	2	41	112	6	2017.833333	0	1.257861635	0	0	0	0	0	0
DIOXIDE EMISSION	Dioxide Emission	0.1618	1.3905	10	24	464	10	2004.1	1.19047619	0	0	0	0	0	0	0
disease	Disease	-0.9592	0.002	5	66	314	13	2011.153846	0	1.257861635	2.614379085	0	8.510638298	0	0	0
DISEASE CONTAINING RAMALIN	Disease Containing Ramalin	-1.5048	0.1415	5	19	276	8	2011.375	0	0	4.575163399	0	14.89361702	0	0	0
dissipation	Dissipation	-0.5859	-0.2823	3	8	80	6	2009	0	0	0	0	0	0	0	0
distance	Distance	0.1165	-0.0304	1	42	142	12	2006.5	0	1.257861635	0	0	0	0	2.941176471	0
DNA sequence	Dna Sequence	-0.7843	-0.3841	3	32	294	14	2008	1.19047619	0	0	0	0	0	0	0
DNA SEQUENCE ENCODING	Dna Sequence Encoding	-0.925	-0.4841	3	22	250	8	2008.75	1.19047619	0	0	0	0	0	0	0
dried antarctic krill	Dried Antarctic Krill	-0.4119	0.007	2	48	208	11	2013.545455	0	4.402515723	0	0	0	0	0	0
DRILL	Drill	1.0719	-0.3367	7	109	964	36	2009.527778	4.761904762	0	1.307189542	0	0	0	2.941176471	0
drill floor	Drill Floor	0.4067	0.1012	9	15	168	6	2011	1.19047619	0	3.921568627	6.349206349	0	0	0	0
drill ship	Drill Ship	0.347	0.0799	9	36	274	13	2010.923077	2.380952381	0	7.189542484	12.6984127	0	2.631578947	0	0
drilling location	Drilling Location	0.9352	0.0411	4	9	74	5	2016.2	0	0	0	0	0	0	0	0
drilling offshore wells	Drilling Offshore Wells	0.6249	0.025	9	11	108	5	2007	1.785714286	0	0	0	0	0	0	0
drilling oil	Drilling Oil	1.2647	-0.1859	7	19	202	9	2007.333333	3.571428571	0	0	0	0	0	0	0
drilling operation	Drilling Operation	0.3592	0.0738	9	32	202	7	2010.571429	1.19047619	0	3.921568627	6.349206349	0	0	0	0
drilling platform	Drilling Platform	1.5647	-0.6879	7	25	556	14	2008.714286	2.976190476	0	0	0	0	0	0	0
drilling rig	Drilling Rig	0.215	-0.0286	1	31	94	5	2004	0	0	0	0	0	0	0	0
drilling season	Drilling Season	2.885	-0.1896	8	37	1682	48	2011.104167	19.04761905	0	0	0	0	78.94736842	0	0
drilling unit	Drilling Unit	2.0127	-0.1583	8	55	1672	51	2011.372549	24.4047619	0	0	0	0	73.68421053	0	0
drilling work area	Drilling Work Area	0.4072	0.1009	9	15	168	6	2011	1.19047619	0	3.921568627	6.349206349	0	0	0	0
drilling workspace	Drilling Workspace	0.4067	0.1003	9	15	168	6	2011	1.19047619	0	3.921568627	6.349206349	0	0	0	0
drillship	Drillship	0.2971	0.0566	9	17	92	6	2011.166667	1.19047619	0	2.614379085	6.349206349	0	0	0	0
drugs	Drugs	-0.6968	-0.3149	3	31	212	9	2006.888889	1.19047619	0	0	0	0	0	0	0
EARNING EMISSION CREDIT	Earning Emission Credit	0.1566	1.3914	10	24	464	10	2004.1	1.19047619	0	0	0	0	0	0	0
Earth	Earth	-0.1526	0.3615	5	78	470	20	2009.2	1.19047619	1.886792453	3.267973856	0	0	0	0	0
economic benefit	Economic Benefit	-0.3093	-0.0352	1	41	102	7	2015	0	0.628930818	0	0	0	0	0	0
effect	Effect	-0.1531	-0.0561	1	230	1226	80	2007.3125	0.595238095	5.031446541	1.307189542	0	0	0	0	0
efficient	Efficient	-0.5262	-0.1741	3	88	358	19	2010.526316	2.976190476	2.51572327	0.653594771	1.587301587	0	0	0	5.263157895
egg	Egg	-0.4172	-0.0985	3	14	44	6	2011.666667	0	1.886792453	0	0	0	0	0	10.52631579
electric energy	Electric Energy	0.0065	0.025	1	44	112	8	2009.5	0	0.628930818	0	0	0	0	0	0
electric power	Electric Power	0.0001	0.0213	1	27	86	6	2015.5	0	0	0.653594771	0	0	0	0	0
electricity	Electricity	0.1479	0.9709	10	41	338	10	2007.8	0.595238095	0	1.307189542	0	0	0	0	0
embodiment	Embodiment	0.0087	-0.1174	6	59	234	18	2011.555556	6.547619048	0	2.614379085	3.174603175	0	0	0	0
emergency	Emergency	0.0978	0.028	1	40	118	7	2014.428571	0	0	3.921568627	6.349206349	0	0	0	0
emission	Emission	0.0865	1.2513	10	38	492	11	2004.909091	1.19047619	0	0	0	0	0	0	0
emission credits	Emission Credits	0.1594	1.3923	10	24	464	10	2004.1	1.19047619	0	0	0	0	0	0	0
ENABLING WORLDWIDE REDUCTION	Enabling Worldwide Reduction	0.1588	1.3903	10	24	464	10	2004.1	1.19047619	0	0	0	0	0	0	0
enclosed derrick	Enclosed Derrick	0.3145	0.0437	9	8	88	7	2011	1.19047619	0	3.921568627	7.936507937	0	0	0	0
energy	Energy	-0.0954	-0.0034	1	100	330	21	2011.666667	0	3.144654088	2.614379085	6.349206349	0	0	0	0
energy consumption	Energy Consumption	-0.1672	-0.0284	2	57	132	10	2015.8	0	0	0	0	0	0	0	0
engine	Engine	0.1072	-0.0205	1	58	190	13	2006.692308	0	0	2.614379085	6.349206349	0	0	0	0
engine device	Engine Device	-0.6931	0.8004	4	10	100	6	2016	0	0	0	0	0	0	0	0
enhanced reliability	Enhanced Reliability	0.2343	-0.0912	1	19	72	6	1998	0	0	0	0	0	0	0	0
environment	Environment	-0.0007	-0.03	1	81	320	24	2008.541667	2.380952381	1.886792453	0.653594771	1.587301587	0	0	0	5.263157895
environmental destruction	Environmental Destruction	-0.3578	0.7401	5	17	238	7	2009	0	0	3.267973856	0	0	0	0	0
environment-friendly	Environment-Friendly	-0.3574	-0.0016	2	43	114	6	2013.833333	0	0.628930818	0	0	0	0	0	0
enzymatic hydrolysate	Enzymatic Hydrolysate	-0.5107	-0.0528	2	41	122	6	2015.166667	0	1.886792453	0	0	0	0	0	0
enzyme	Enzyme	-0.6444	-0.2342	3	119	626	33	2010.181818	2.380952381	4.402515723	1.960784314	0	4.255319149	0	0	0
enzymolysis	Enzymolysis	-0.5053	-0.0376	2	60	220	15	2016.933333	0	3.144654088	0	0	0	0	0	0
EPA	Epa	-0.4814	-0.0296	2	50	160	10	2016.2	0	0.628930818	0.653594771	0	0	0	0	0
equator	Equator	0.1286	1.1401	10	36	496	14	2006.714286	1.19047619	1.257861635	0	0	0	0	0	0
essential oil	Essential Oil	-0.453	0.0198	2	72	466	17	2011.941176	0	8.176100629	0	0	0	0	0	0
esterase	Esterase	-0.4698	-0.1796	3	19	60	5	2017.4	0	2.51572327	0.653594771	0	2.127659574	0	0	0
ethanol	Ethanol	-0.4565	0.0049	2	71	372	20	2013.8	0	4.402515723	0	0	0	0	0	0
ethanol solution	Ethanol Solution	-0.3976	0.031	2	41	154	8	2014.25	0	1.886792453	0	0	0	0	0	0
Euphausia superba	Euphausia Superba	-0.8387	-0.3985	3	31	184	6	2006.833333	1.19047619	0.628930818	0.653594771	0	0	0	0	0
evaporator	Evaporator	-0.2334	0.0225	2	48	158	11	2010.272727	0	1.886792453	0.653594771	1.587301587	0	0	0	0
expression vector	Expression Vector	-0.7124	-0.2778	3	26	146	9	2013.111111	0	1.257861635	0.653594771	0	2.127659574	0	0	0
exterior	Exterior	0.2953	0.046	9	19	170	14	2011.071429	1.785714286	0	6.535947712	14.28571429	0	0	0	0
extraction rate	Extraction Rate	-0.4932	-0.0642	2	35	98	6	2017.166667	0	1.886792453	0	0	0	0	0	0
fast	Fast	-0.4832	-0.1007	3	49	128	12	2014.333333	0	1.257861635	0.653594771	0	0	0	0	0
fatty acid	Fatty Acid	-0.4823	-0.1058	2	24	66	5	2013.6	0	0.628930818	0	0	0	0	0	0
fatty oils	Fatty Oils	-0.4376	0.0202	2	66	446	15	2011.266667	0	8.176100629	0	0	0	0	0	0
fatty substances	Fatty Substances	-0.4378	0.0192	2	66	446	15	2011.266667	0	8.176100629	0	0	0	0	0	0
feeds	Feeds	-0.5479	-0.0462	2	59	212	11	2017	0	1.257861635	0	0	0	0	2.941176471	0
fermented soybean meal	Fermented Soybean Meal	-0.6558	-0.0606	2	26	72	5	2018.6	0	1.886792453	0	0	0	0	0	0
fermenting	Fermenting	-0.5829	-0.132	2	85	264	19	2013.736842	0.595238095	5.031446541	0	0	0	0	2.941176471	0
film	Film	-0.2177	-0.0364	2	35	72	5	2010	0	0.628930818	0.653594771	0	0	0	0	0
fish	Fish	-0.4349	-0.05	2	74	298	23	2015.086957	0	5.660377358	0	0	0	0	0	5.263157895
fish meal	Fish Meal	-0.6206	-0.0313	2	51	272	14	2015.571429	0	1.257861635	0	0	0	0	0	0
fish oil	Fish Oil	-0.5757	-0.0204	2	71	368	19	2016.526316	0	1.886792453	0	0	0	0	0	0
fishy smell	Fishy Smell	-0.5107	-0.0388	2	48	124	8	2015.75	0	0	0	0	0	0	0	0
flexibility	Flexibility	0.2377	-0.0355	4	19	64	7	2009.857143	1.785714286	0	0.653594771	0	0	0	0	0
Floating Arctic Vessel	Floating Arctic Vessel	0.6807	-0.1259	4	18	180	5	2010.6	2.976190476	0	0	0	0	0	0	0
floating drilling unit	Floating Drilling Unit	0.572	-0.0868	4	11	76	6	2012	3.571428571	0	0	0	0	0	0	0
floating platform	Floating Platform	0.3011	-0.0777	1	40	150	9	2009.444444	1.785714286	0	0	0	0	5.263157895	0	0
floating vessel	Floating Vessel	0.7051	-0.1282	4	23	268	9	2010.222222	3.571428571	0	0	0	0	0	0	0
floor	Floor	0.1129	-0.2504	6	17	114	6	2008.166667	0	0.628930818	0	0	0	0	0	0
flow	Flow	-0.0581	-0.033	1	60	164	11	2015.272727	0	0	1.960784314	4.761904762	0	0	2.941176471	0
fluid	Fluid	-0.1433	-0.2909	6	70	384	16	2000.75	2.976190476	0.628930818	0.653594771	1.587301587	0	0	0	0
fluid communication	Fluid Communication	0.519	-0.0848	4	8	64	6	2011	3.571428571	0	0	0	0	0	0	0
fluorin content	Fluorin Content	-0.5183	-0.0688	2	49	154	9	2015.555556	0	1.257861635	0	0	0	0	0	0
fluorine	Fluorine	-0.5012	-0.081	2	38	102	6	2015.5	0	0.628930818	0	0	0	0	0	0
food	Food	-0.5147	-0.1086	2	69	222	18	2013.555556	0	4.402515723	1.307189542	0	2.127659574	0	0	0
food processing	Food Processing	-0.8439	-0.3851	3	56	390	14	2010	2.380952381	0	0	0	0	0	0	0
foodstuff	Foodstuff	-0.4392	-0.089	2	47	120	7	2010.714286	0.595238095	2.51572327	0	0	0	0	0	0
force	Force	0.0786	-0.0447	1	28	100	11	2010.909091	1.19047619	0.628930818	0	0	0	0	0	10.52631579
formula	Formula	-0.5572	-0.0381	2	54	172	12	2015.916667	0	0	0	0	0	0	2.941176471	0
FOX	Fox	-0.4144	-0.0622	2	18	50	7	2012.857143	0	1.886792453	0	0	0	0	0	0
frame	Frame	0.013	-0.0552	1	19	48	6	2007	0	0	0	0	0	0	2.941176471	0
freezing process	Freezing Process	-0.3592	-0.4017	6	22	196	6	1991.166667	2.380952381	0	0	0	0	0	0	0
fresh antarctic krill	Fresh Antarctic Krill	-0.4533	-0.0429	2	50	160	7	2013.714286	0	1.257861635	0	0	0	0	0	0
fresh water	Fresh Water	0.0371	0.0556	1	22	46	6	2011.666667	0	1.257861635	1.307189542	3.174603175	0	0	0	0
fuel	Fuel	0.1317	0.9652	10	57	556	18	2007	1.19047619	0	1.960784314	3.174603175	0	0	0	0
functional food	Functional Food	-1.0226	-0.0215	5	38	248	19	2012	0	1.257861635	6.535947712	0	27.65957447	0	0	0
G PORTLAND MICRO-CEMENT	G Portland Micro-Cement	0.445	0.274	4	6	40	5	1998.6	0.595238095	0	0	0	0	0	0	0
GAS AGITATED ICE PREVENTION	Gas Agitated Ice Prevention	3.1724	-0.2117	8	20	200	5	2011	2.380952381	0	0	0	0	10.52631579	0	0
GAS AGITATION	Gas Agitation	3.1211	-0.2146	8	21	190	5	2011	2.380952381	0	0	0	0	10.52631579	0	0
GAS GUIDE PLATE	Gas Guide Plate	-0.6959	0.8043	4	9	90	5	2016	0	0	0	0	0	0	0	0
GAS INLET	Gas Inlet	-0.696	0.8045	4	9	90	5	2016	0	0	0	0	0	0	0	0
GAS MIXED JOINT	Gas Mixed Joint	-0.6959	0.8047	4	9	90	5	2016	0	0	0	0	0	0	0	0
gas well	Gas Well	1.2606	-0.1851	7	40	502	20	2006.2	5.952380952	0	0.653594771	0	0	0	0	0
gene	Gene	-0.5261	-0.183	3	49	196	20	2011.9	0.595238095	6.289308176	2.614379085	0	6.382978723	0	0	0
genetic engineering	Genetic Engineering	-0.588	-0.1938	3	51	214	14	2009.071429	1.19047619	5.031446541	0.653594771	0	0	0	0	0
glacier	Glacier	-0.2991	0.6407	5	27	266	10	2009.8	0	1.257861635	3.267973856	0	0	0	0	0
global environmental revival movement	Global Environmental Revival Movement	-0.357	0.7403	5	17	238	7	2009	0	0	3.267973856	0	0	0	0	0
global peace movement	Global Peace Movement	-0.3587	0.7403	5	17	238	7	2009	0	0	3.267973856	0	0	0	0	0
global warming	Global Warming	-0.3414	0.7171	5	21	250	8	2009.125	0	0	3.267973856	0	0	0	0	0
glycol	Glycol	-0.27	-0.0344	1	7	38	5	2009	1.19047619	0	0	0	0	0	0	0
green	Green	-0.4788	-0.0745	2	60	214	12	2016	0	3.144654088	0	0	0	0	0	0
growth	Growth	-0.4903	-0.0651	2	76	290	17	2014.705882	0	3.144654088	0.653594771	0	2.127659574	0	0	0
health	Health	-0.3248	-0.0455	2	45	108	7	2013.714286	0	0.628930818	0.653594771	0	0	0	0	0
heat exchange	Heat Exchange	0.0147	0.0066	1	64	232	17	2014.117647	0	1.257861635	5.22875817	11.11111111	0	0	0	0
heat insulation	Heat Insulation	-0.1942	-0.0831	3	17	74	7	2002.571429	0	0.628930818	0.653594771	0	0	0	0	0
heater	Heater	0.0858	-0.009	1	28	86	10	2013.5	0.595238095	0	5.22875817	9.523809524	0	0	0	0
heating device	Heating Device	0.0556	-0.0041	1	22	62	7	2012.857143	0	0	1.960784314	3.174603175	0	0	0	0
height	Height	1.072	-0.4574	7	60	646	19	2008.631579	2.976190476	0	0	0	0	0	0	0
hemorrhoids	Hemorrhoids	-0.335	-0.0502	1	12	70	6	2002.333333	1.19047619	0	0	0	0	0	0	0
hesuelica	Hesuelica	-0.5981	-0.1818	3	8	48	6	1997	0	0	0	0	0	0	0	0
high efficiency	High Efficiency	-0.3807	-0.096	2	60	144	9	2014.555556	0	3.144654088	0	0	0	0	0	5.263157895
high purity	High Purity	-0.36	-0.0121	2	28	58	5	2016.2	0	0	0	0	0	0	0	0
high quality	High Quality	-0.2587	-0.0521	2	34	100	5	2012.2	0	1.886792453	0	0	0	0	0	0
high safety	High Safety	-0.6629	0.6902	4	30	140	9	2014.666667	0	1.257861635	0	0	0	0	0	0
high temperature	High Temperature	-0.3721	-0.0874	3	40	100	9	2016.888889	0	2.51572327	0	0	0	0	0	0
higher efficiency	Higher Efficiency	0.2471	-0.0052	1	23	68	5	2003.8	0	0	0	0	0	0	0	0
higher safety	Higher Safety	0.2307	-0.0862	1	29	96	5	2011.2	0	0	0	0	0	0	0	0
hole	Hole	0.1667	-0.0635	1	43	140	11	2009.818182	0	0	1.307189542	1.587301587	0	0	0	0
homogenate	Homogenate	-0.4821	-0.0415	2	48	140	9	2015.555556	0	1.886792453	0	0	0	0	0	0
honeycomb-like compartments	Honeycomb-Like Compartments	0.129	-0.2636	6	13	120	5	2007.4	0	0	0	0	0	0	0	0
host cells	Host Cells	-0.9245	-0.4786	3	28	404	13	2008.307692	2.380952381	0.628930818	0	0	0	0	2.941176471	0
hot water	Hot Water	-0.0938	-0.0257	1	24	52	5	2015.8	0	0.628930818	1.307189542	3.174603175	0	0	0	0
HOUSE	House	-0.0671	-0.0005	1	39	146	13	2005.769231	0	0	1.960784314	0	0	0	0	15.78947368
hull	Hull	1.3014	-0.0795	8	126	2190	87	2010.908046	22.61904762	0	9.150326797	17.46031746	0	78.94736842	0	0
human	Human	-0.3858	-0.169	6	54	206	13	2003.923077	1.785714286	0.628930818	0	0	0	0	2.941176471	0
human body	Human Body	-0.5082	-0.0549	2	72	204	12	2014.75	0	1.257861635	0	0	0	0	0	0
hydraulic steering arrangement	Hydraulic Steering Arrangement	0.5805	-0.0182	4	5	50	5	2011	0	0	0	0	0	0	0	0
hydraulic steering motor	Hydraulic Steering Motor	0.5806	-0.0182	4	5	50	5	2011	0	0	0	0	0	0	0	0
hydrocarbon	Hydrocarbon	0.0336	-0.0572	1	44	100	7	2010.571429	0.595238095	0.628930818	0	0	0	0	0	0
hydrocarbon-bearing formation	Hydrocarbon-Bearing Formation	0.9351	0.0408	4	9	74	5	2016.2	0	0	0	0	0	0	0	0
hydrogen	Hydrogen	-0.2063	0.0472	1	33	96	7	2013	0	2.51572327	0	0	0	0	0	0
HYPERTHERMAL TEMPERATURE	Hyperthermal Temperature	-0.3608	-0.4013	6	22	196	6	1991.166667	2.380952381	0	0	0	0	0	0	0
ice	Ice	0.878	-0.051	8	170	2732	128	2010	24.4047619	0.628930818	4.575163399	7.936507937	0	81.57894737	0	0
ice bending surface	Ice Bending Surface	2.8861	-0.1918	8	37	1682	48	2011.104167	19.04761905	0	0	0	0	78.94736842	0	0
ice breaker	Ice Breaker	0.1803	-0.0552	1	48	186	9	2006.777778	0	0	0.653594771	0	0	0	0	0
ICE CLASS	Ice Class	2.3812	-0.1675	8	25	268	8	2011	0	0	0	0	0	0	0	0
ice coating	Ice Coating	-0.6957	0.8048	4	9	90	5	2016	0	0	0	0	0	0	0	0
ice condition	Ice Condition	2.1401	-0.1445	8	67	1834	61	2011.672131	22.02380952	0	0	0	0	84.21052632	0	0
ice core	Ice Core	-0.0742	-0.0477	1	19	40	5	2016.4	0	0	0	0	0	0	8.823529412	0
ice cover	Ice Cover	0.4006	-0.0045	9	53	244	12	2007.25	1.785714286	0	0	0	0	0	0	0
ice defensive configuration	Ice Defensive Configuration	2.8849	-0.1946	8	37	1682	48	2011.104167	19.04761905	0	0	0	0	78.94736842	0	0
ice floe	Ice Floe	0.3408	0.0005	4	29	110	10	2013	3.571428571	0	0.653594771	0	0	7.894736842	0	0
ICE FRAGMENT	Ice Fragment	0.1564	-0.0293	1	38	122	6	2006.333333	0	0	0	0	0	0	0	0
ice load	Ice Load	0.4852	0.0038	9	37	182	10	2008.8	1.785714286	0	0	0	0	0	0	0
ICE PREVENTION	Ice Prevention	3.1711	-0.212	8	20	200	5	2011	2.380952381	0	0	0	0	10.52631579	0	0
ICE PRONE LOCATION	Ice Prone Location	2.8837	-0.1925	8	37	1682	48	2011.104167	19.04761905	0	0	0	0	78.94736842	0	0
ICE SHIELD	Ice Shield	3.114	-0.2137	8	22	262	7	2011	3.571428571	0	0	0	0	13.15789474	0	0
ice surface	Ice Surface	0.1868	-0.0416	1	23	48	6	2015.833333	0	1.886792453	0	0	0	0	5.882352941	0
ice water	Ice Water	-0.3094	-0.0101	1	18	44	6	2015.833333	0	0.628930818	0	0	0	0	0	0
ice worthy jack	Ice Worthy Jack	2.8388	-0.1953	8	27	736	21	2011.095238	7.142857143	0	0	0	0	47.36842105	0	0
ice worthy jack-up	Ice Worthy Jack-Up	2.9213	-0.1907	8	32	946	27	2011.111111	11.9047619	0	0	0	0	31.57894737	0	0
ICE WORTHY JACK-UP DRILLING UNIT	Ice Worthy Jack-Up Drilling Unit	3.0538	-0.2064	8	27	1128	31	2011	14.88095238	0	0	0	0	60.52631579	0	0
iceberg	Iceberg	0.2301	-0.0407	1	45	132	9	2011.111111	0.595238095	0	0.653594771	1.587301587	0	2.631578947	0	0
icebreaker	Icebreaker	0.1933	-0.0389	1	24	56	7	2015.571429	0	1.257861635	1.307189542	1.587301587	0	0	0	0
IMMUNE DISEASE CONTAINING RAMALIN	Immune Disease Containing Ramalin	-1.5059	0.1415	5	19	276	8	2011.375	0	0	4.575163399	0	14.89361702	0	0	0
immune diseases	Immune Diseases	-1.5045	0.1426	5	19	276	8	2011.375	0	0	4.575163399	0	14.89361702	0	0	0
immunity	Immunity	-0.5837	-0.0444	2	80	384	22	2015.909091	0	0.628930818	0	0	0	0	0	0
IMPROVED PLATFORM FLOOR PLAN	Improved Platform Floor Plan	1.6023	-0.7077	7	22	546	13	2008.461538	2.976190476	0	0	0	0	0	0	0
impurity	Impurity	-0.3603	-0.0098	2	59	190	13	2011.076923	0.595238095	2.51572327	0	0	0	0	0	0
industrial contexts	Industrial Contexts	-0.9269	-0.4807	3	27	402	12	2007.416667	2.380952381	0	0	0	0	0	0	0
industry	Industry	-0.5918	-0.1825	3	71	222	14	2010.142857	0.595238095	1.257861635	1.307189542	0	2.127659574	0	0	0
inflammation	Inflammation	-0.4939	-0.0974	1	21	80	6	2000.666667	0.595238095	0.628930818	0	0	0	0	0	0
INFLAMMATORY DISEASE	Inflammatory Disease	-1.505	0.1402	5	19	276	8	2011.375	0	0	4.575163399	0	14.89361702	0	0	0
information	Information	0.1626	-0.0148	1	24	56	6	2012.666667	1.19047619	1.257861635	0	0	0	5.263157895	0	0
ingredient	Ingredient	-0.4995	-0.0621	2	49	126	9	2015.888889	0	1.257861635	0	0	0	0	2.941176471	0
inside	Inside	0.0875	-0.0289	1	72	176	13	2011	0.595238095	0	3.267973856	6.349206349	0	0	2.941176471	0
instrument	Instrument	-0.1708	-0.007	1	22	72	9	2010.777778	1.19047619	0.628930818	0	0	0	0	2.941176471	0
INTERCONNECTED PLATFORM MODULE	Interconnected Platform Module	1.5814	-0.2404	7	21	414	14	2003.357143	3.571428571	0	0	0	0	0	0	0
INTERLOCKED PLATFORM MODULE	Interlocked Platform Module	1.6082	-0.707	7	22	546	13	2008.461538	2.976190476	0	0	0	0	0	0	0
INTERLOCKING NEIGHBORING PLATFORM MODULE	Interlocking Neighboring Platform Module	1.6028	-0.7055	7	22	546	13	2008.461538	2.976190476	0	0	0	0	0	0	0
intersections	Intersections	1.608	-0.7047	7	22	546	13	2008.461538	2.976190476	0	0	0	0	0	0	0
key mediator	Key Mediator	-1.4971	0.1379	5	18	180	5	2011.6	0	0	2.614379085	0	8.510638298	0	0	0
Korea	Korea	-0.359	0.7411	5	17	238	7	2009	0	0	3.267973856	0	0	0	0	0
krill	Krill	-0.4455	-0.0375	2	173	1386	89	2013.550562	0	20.12578616	0.653594771	0	0	0	0	0
krill meal	Krill Meal	-0.5579	-0.0268	2	25	66	5	2014	0	0	0	0	0	0	0	0
krill oil	Krill Oil	-0.4546	-0.007	2	120	868	54	2014.944444	0	10.06289308	0	0	0	0	0	0
krill powder	Krill Powder	-0.423	-0.0181	2	102	420	21	2014.47619	0	3.144654088	0	0	0	0	0	0
krill protein	Krill Protein	-0.4293	-0.0472	2	38	110	7	2016.285714	0	3.144654088	0	0	0	0	0	0
KRILL PROTEIN POWDER	Krill Protein Powder	-0.4651	0.0034	2	32	92	5	2014.4	0	1.886792453	0	0	0	0	0	0
KRILL SHELL	Krill Shell	-0.4242	-0.0726	2	41	136	8	2015.875	0	1.257861635	0	0	0	0	0	0
lake	Lake	-0.1497	0.0073	1	19	58	7	2008.428571	1.785714286	0	0.653594771	0	0	0	0	0
larva	Larva	-0.3899	-0.1103	3	13	64	7	2010.857143	0	1.886792453	0	0	0	0	0	0
latitude	Latitude	0.1561	1.3392	10	28	476	12	2005.833333	1.19047619	0	0	0	0	0	0	0
laundry detergents	Laundry Detergents	-0.959	-0.5042	3	22	312	9	2006.555556	2.380952381	0	0	0	0	0	0	0
leg	Leg	2.3144	-0.203	8	65	1978	63	2009.968254	20.23809524	1.257861635	0.653594771	0	0	73.68421053	5.882352941	0
length	Length	0.6105	-0.0185	5	73	1080	32	2009.15625	5.952380952	1.257861635	3.267973856	0	0	0	5.882352941	0
light	Light	0.0142	0.8471	10	67	578	20	2007.85	1.19047619	1.257861635	1.307189542	0	0	0	0	10.52631579
linkage	Linkage	0.6684	-0.1255	4	20	248	8	2011.875	2.976190476	0	0	0	0	0	0	0
lipase	Lipase	-0.4933	-0.1858	3	25	60	7	2011.428571	0	1.257861635	1.960784314	0	6.382978723	0	0	0
liquefied natural gas	Liquefied Natural Gas	0.0049	0.0393	1	39	146	8	2017.375	0	0	1.307189542	3.174603175	0	0	0	0
liquid	Liquid	-0.3005	-0.1592	6	145	682	38	2006.710526	3.571428571	2.51572327	0	0	0	0	0	5.263157895
low temperature	Low Temperature	-0.3097	-0.0628	3	110	362	27	2009.851852	0	3.144654088	3.921568627	1.587301587	6.382978723	0	2.941176471	0
low temperature environment	Low Temperature Environment	-0.3924	-0.0896	3	21	86	7	2005.428571	0	0.628930818	0.653594771	0	2.127659574	0	0	0
machine	Machine	-0.0832	0.0089	1	41	120	7	2014	0	1.257861635	0	0	0	0	2.941176471	0
manufacture	Manufacture	-0.2882	-0.0719	1	32	90	10	2002.5	0.595238095	0.628930818	0.653594771	0	0	0	0	0
manufacturing method	Manufacturing Method	-0.2057	-0.0702	1	39	94	12	2008.583333	0	0.628930818	4.575163399	3.174603175	0	0	0	0
marine environment	Marine Environment	0.5382	-0.1009	4	34	364	16	2011.4375	8.333333333	0	0	0	0	0	0	0
marine vessel	Marine Vessel	0.5131	-0.0242	4	11	86	8	2011.75	1.785714286	0	0	0	0	0	0	0
material	Material	-0.1922	-0.0357	1	130	476	42	2011.571429	1.785714286	3.773584906	1.960784314	0	2.127659574	0	0	5.263157895
meal	Meal	-0.6004	-0.0371	2	66	260	15	2015.333333	0	1.886792453	0	0	0	0	0	0
meat	Meat	-0.4683	-0.0438	2	69	222	13	2014.692308	0	2.51572327	0	0	0	0	0	0
medicine	Medicine	-0.5109	-0.1506	3	63	186	19	2013.052632	0	3.773584906	0.653594771	0	2.127659574	0	5.882352941	0
metabolite	Metabolite	-0.5323	-0.1806	3	30	92	8	2014.125	0	1.886792453	0	0	0	0	5.882352941	0
methane	Methane	0.0239	0.0523	1	34	126	7	2016.285714	1.19047619	0	1.307189542	0	0	0	0	0
microalga	Microalga	-0.2466	-0.1443	6	18	54	7	2013.285714	0	0	3.267973856	0	10.63829787	0	2.941176471	0
MICRO-ORGANISM	Micro-Organism	-0.6083	-0.195	3	43	190	11	2008.818182	1.19047619	3.773584906	0	0	0	0	0	0
mineral	Mineral	-0.4105	-0.0595	2	49	134	7	2011.142857	0.595238095	0.628930818	0	0	0	0	0	0
mobile	Mobile	0.6246	0.0252	9	11	108	5	2007	1.785714286	0	0	0	0	0	0	0
modular storage platforms	Modular Storage Platforms	1.6071	-0.7089	7	22	546	13	2008.461538	2.976190476	0	0	0	0	0	0	0
MODULAR STRUCTURE	Modular Structure	1.5769	-0.2446	7	20	266	9	2004.111111	2.380952381	0	0	0	0	0	0	0
module	Module	0.1096	-0.2088	6	26	152	9	2008.222222	0.595238095	0	0	0	0	0	0	0
MODULE SUPPORT DRILLING	Module Support Drilling	1.6001	-0.2348	7	17	276	9	2002.444444	2.380952381	0	0	0	0	0	0	0
moisture	Moisture	-0.1984	0.0243	1	48	152	8	2009.75	0	0.628930818	0.653594771	0	0	0	0	0
molecular weight	Molecular Weight	-0.5568	-0.0949	2	47	130	11	2016.454545	0	1.886792453	0	0	0	0	0	0
moon pool	Moon Pool	2.2014	-0.127	8	29	206	6	2011	2.380952381	0	0.653594771	1.587301587	0	10.52631579	0	0
moonpool	Moonpool	0.3496	0.0732	9	27	304	14	2011	2.380952381	0	7.843137255	15.87301587	0	0	0	0
mooring	Mooring	0.5954	-0.1051	4	35	308	13	2008	3.571428571	0	0.653594771	0	0	0	0	0
mooring line	Mooring Line	0.6692	-0.1134	4	25	284	11	2012	4.761904762	0	0.653594771	0	0	0	0	0
mooring system	Mooring System	0.6731	-0.1197	4	21	256	8	2011.25	3.571428571	0	0	0	0	0	0	0
MULTIFUNCTIONAL PLATFORM MODULE	Multifunctional Platform Module	1.5554	-0.2493	7	14	138	5	2005	1.19047619	0	0	0	0	0	0	0
multi-purpose construction module	Multi-Purpose Construction Module	0.1284	-0.2638	6	13	120	5	2007.4	0	0	0	0	0	0	0	0
mutation	Mutation	-0.6083	-0.1948	3	43	190	11	2008.818182	1.19047619	3.773584906	0	0	0	0	0	0
MYADS	Myads	0.6247	0.0246	9	11	108	5	2007	1.785714286	0	0	0	0	0	0	0
natural gas	Natural Gas	-0.0211	0.0207	1	42	154	9	2016.555556	1.19047619	0	0.653594771	1.587301587	0	0	0	0
natural material	Natural Material	-1.5057	0.1406	5	19	276	8	2011.375	0	0	4.575163399	0	14.89361702	0	0	0
nature	Nature	-0.208	0.0377	1	53	126	7	2010.571429	0	0	1.307189542	0	0	0	0	0
navigation	Navigation	0.0915	-0.0407	1	27	60	7	2013.571429	0.595238095	0	0.653594771	0	0	0	2.941176471	0
n-hexane	N-Hexane	-0.4809	0.0151	2	44	198	10	2013.4	0	4.402515723	0	0	0	0	0	0
nitric oxide	Nitric Oxide	-1.5044	0.1407	5	19	276	8	2011.375	0	0	4.575163399	0	14.89361702	0	0	0
nitrogen	Nitrogen	-0.2326	0.0056	1	77	226	14	2015.142857	1.785714286	1.257861635	0	0	0	0	0	0
nucleic acid	Nucleic Acid	-0.8937	-0.3948	3	53	582	21	2007.285714	5.357142857	0.628930818	0	0	0	0	0	0
NUCLEIC ACID SEQUENCE	Nucleic Acid Sequence	-0.8987	-0.3968	3	26	344	13	2004.846154	4.166666667	0	0	0	0	0	0	0
nutrient	Nutrient	-0.5169	-0.0378	2	56	154	10	2016.9	0	0	0.653594771	0	0	0	0	0
nutrition	Nutrition	-0.5494	-0.0454	2	62	214	13	2015.615385	0	0.628930818	0	0	0	0	0	0
obesity	Obesity	-1.0805	-0.0617	5	8	72	6	2011.5	0	0	2.614379085	0	12.76595745	0	0	0
ocean	Ocean	-0.0003	-0.0543	1	60	260	22	2011.590909	1.19047619	0	3.921568627	0	10.63829787	0	0	10.52631579
offshore	Offshore	0.5563	-0.0163	4	13	82	6	2011.666667	2.380952381	0	0	0	0	0	0	0
OFFSHORE ACTIVITY	Offshore Activity	0.6243	0.0249	9	11	108	5	2007	1.785714286	0	0	0	0	0	0	0
offshore drilling location	Offshore Drilling Location	0.935	0.041	4	9	74	5	2016.2	0	0	0	0	0	0	0	0
OFFSHORE REGION	Offshore Region	0.5695	-0.0216	4	7	70	5	2014	2.380952381	0	0	0	0	0	0	0
offshore structure	Offshore Structure	0.1761	0.0278	1	30	96	9	2007.333333	0	0	3.921568627	7.936507937	0	0	0	0
oil	Oil	0.2792	-0.0277	1	169	926	54	2010.388889	5.952380952	3.144654088	0.653594771	0	0	2.631578947	0	0
oil product	Oil Product	0.0692	-0.0444	1	42	134	8	2009.375	0	0	0	0	0	0	0	0
oil spill	Oil Spill	-0.0637	-0.0346	1	20	112	6	2010.333333	2.976190476	0	0	0	0	0	0	0
oil well	Oil Well	0.445	0.274	4	6	40	5	1998.6	0.595238095	0	0	0	0	0	0	0
ongoing revenue	Ongoing Revenue	0.1607	1.3915	10	24	464	10	2004.1	1.19047619	0	0	0	0	0	0	0
open water	Open Water	2.4172	-0.1607	8	47	1726	52	2011.365385	20.83333333	0.628930818	0	0	0	78.94736842	0	0
operator	Operator	0.1294	-0.0598	1	206	1260	70	2009.328571	6.547619048	5.660377358	2.614379085	4.761904762	0	0	2.941176471	5.263157895
organic molecules	Organic Molecules	-0.36	-0.4018	6	22	196	6	1991.166667	2.380952381	0	0	0	0	0	0	0
organic solvent	Organic Solvent	-0.4241	0.0056	2	83	508	21	2012.142857	0	6.289308176	0.653594771	0	0	0	0	0
outer surface	Outer Surface	0.0712	-0.186	6	56	212	14	2011.142857	1.19047619	1.257861635	1.307189542	1.587301587	0	5.263157895	0	0
outer wall	Outer Wall	0.0649	0.0544	1	19	38	5	2012.6	0	0	1.960784314	3.174603175	0	0	0	0
outside air	Outside Air	0.3256	0.066	9	37	326	15	2011.2	2.380952381	0	8.496732026	17.46031746	0	0	0	0
overexpression	Overexpression	-0.8949	-0.3041	3	18	156	6	2004	2.976190476	0	0	0	0	0	0	0
oxidation-related diseases	Oxidation-Related Diseases	-1.1904	0.0673	5	10	104	7	2009	0	0	3.267973856	0	12.76595745	0	0	0
oxide	Oxide	-0.501	0.0198	2	20	58	5	2016.4	0	0.628930818	0	0	0	0	0	0
oxygen	Oxygen	-0.1551	0.068	1	38	96	6	2010.666667	0	2.51572327	0	0	0	0	0	0
packaging	Packaging	-0.3807	-0.0539	2	35	88	7	2016.285714	0	0.628930818	0	0	0	0	0	0
parallel	Parallel	-0.0655	-0.0052	1	27	54	7	2013.571429	0	2.51572327	0	0	0	0	2.941176471	0
peptide	Peptide	-0.6605	-0.263	3	75	382	20	2008.2	4.166666667	1.257861635	0.653594771	0	2.127659574	0	0	0
performing enzymolysis	Performing Enzymolysis	-0.5339	-0.0433	2	42	114	7	2016.714286	0	2.51572327	0	0	0	0	0	0
pH value	Ph Value	-0.4898	-0.0628	2	40	104	9	2015.333333	0	1.257861635	0	0	0	0	2.941176471	5.263157895
pharmaceutical composition	Pharmaceutical Composition	-1.1566	0.0294	5	45	536	30	2008.7	0.595238095	0	13.07189542	0	51.06382979	0	0	0
pharmaceutics	Pharmaceutics	-1.0114	-0.0598	5	15	60	5	2009.6	0	0	1.307189542	0	6.382978723	0	0	0
PHOSPHATASE	Phosphatase	-0.9427	-0.2494	3	23	186	9	2006.666667	2.976190476	0	1.307189542	0	6.382978723	0	0	0
phospholipid content	Phospholipid Content	-0.4478	0.0025	2	59	276	12	2013.833333	0	2.51572327	0	0	0	0	0	0
pipe	Pipe	0.1118	-0.0143	1	36	82	7	2011.714286	0	0	1.307189542	0	0	0	0	0
PIPELINE BURIAL	Pipeline Burial	0.5695	-0.0214	4	7	70	5	2014	2.380952381	0	0	0	0	0	0	0
plant	Plant	-0.3249	-0.1537	3	103	478	28	2008.464286	1.19047619	0.628930818	3.267973856	0	4.255319149	0	0	0
plate	Plate	-0.0732	0.0023	1	40	114	11	2008.454545	0	1.257861635	0	0	0	0	0	0
platform	Platform	0.5865	-0.2131	1	127	1322	58	2008.931034	8.333333333	0.628930818	0	0	0	5.263157895	2.941176471	0
PLATFORM MODULE	Platform Module	1.5947	-0.4522	7	40	960	27	2005.814815	6.547619048	0	0	0	0	0	0	0
PLATFORM MODULE SUPPORT DRILLING	Platform Module Support Drilling	1.6002	-0.2337	7	17	276	9	2002.444444	2.380952381	0	0	0	0	0	0	0
platform operation	Platform Operation	0.4963	-0.0948	1	24	90	6	2006.5	1.785714286	0	0	0	0	0	0	0
PLATFORM STRUCTURE	Platform Structure	1.5554	-0.2488	7	14	138	5	2005	1.19047619	0	0	0	0	0	0	0
plurality	Plurality	0.5976	-0.2394	7	171	1704	82	2009.719512	11.9047619	2.51572327	2.614379085	3.174603175	4.255319149	0	11.76470588	26.31578947
polar region	Polar Region	0.1409	0.0253	1	94	488	32	2012.46875	1.19047619	2.51572327	10.45751634	19.04761905	0	0	5.882352941	5.263157895
polar vessel	Polar Vessel	0.2582	0.0319	9	21	116	10	2011.8	1.19047619	0	5.882352941	11.11111111	0	0	0	0
polypeptide	Polypeptide	-0.508	-0.3269	6	74	390	16	2005.375	2.380952381	0.628930818	0	0	0	0	0	0
POLYSACCHARIDE	Polysaccharide	-0.5079	-0.1184	2	41	92	6	2014.166667	0	0.628930818	0.653594771	0	2.127659574	0	0	0
PORTLAND MICRO-CEMENT	Portland Micro-Cement	0.445	0.2739	4	6	40	5	1998.6	0.595238095	0	0	0	0	0	0	0
powder	Powder	-0.5363	-0.0488	2	57	154	12	2010.416667	0	2.51572327	0.653594771	0	0	0	0	0
power	Power	0.0266	-0.019	1	68	180	18	2012.388889	1.785714286	1.886792453	1.307189542	0	0	0	2.941176471	10.52631579
power plant	Power Plant	0.0275	-0.0625	1	35	114	7	2008	0	0	0	0	0	0	0	0
power supply	Power Supply	0.0311	-0.0221	1	34	88	8	2014.625	0	0	0	0	0	0	8.823529412	5.263157895
PRESERVING FAT	Preserving Fat	-0.4385	0.0206	2	66	446	15	2011.266667	0	8.176100629	0	0	0	0	0	0
preserving food	Preserving Food	-0.5341	-0.0904	2	37	108	6	2012.333333	0	2.51572327	0	0	0	0	0	0
pressure	Pressure	0.0357	0.0421	9	82	270	16	2012.875	0.595238095	3.144654088	2.614379085	6.349206349	0	0	0	0
prevention	Prevention	-0.8583	0.3727	5	66	592	22	2011	1.785714286	0	7.843137255	0	14.89361702	0	0	0
process	Process	-0.1627	-0.0328	2	208	1046	79	2012.987342	1.785714286	10.6918239	0.653594771	0	0	2.631578947	0	15.78947368
production cost	Production Cost	-0.526	-0.0609	2	60	170	9	2014.888889	0	3.144654088	0	0	0	0	0	0
PRODUCTION OPERATION	Production Operation	1.4072	-0.226	7	19	162	7	2005.714286	1.785714286	0	0	0	0	0	0	0
production platforms	Production Platforms	1.4698	-0.6445	7	32	568	14	2008.642857	2.976190476	0	0	0	0	0	0	0
production process	Production Process	-0.4297	-0.0244	2	48	132	9	2015.111111	0	0.628930818	0	0	0	0	0	0
propylene glycol	Propylene Glycol	-0.5754	-0.0975	2	13	50	6	2017.333333	0	1.886792453	0	0	0	0	0	0
protease	Protease	-0.5531	-0.055	2	58	156	9	2014.444444	0	2.51572327	0.653594771	0	0	0	0	0
PROTECTED DRILLING	Protected Drilling	2.8263	-0.1818	8	21	190	5	2011	2.380952381	0	0	0	0	10.52631579	0	0
protection	Protection	0.0803	-0.0068	1	70	260	13	2005.461538	0	0	1.307189542	0	0	0	0	0
protein	Protein	-0.736	-0.2801	3	129	888	42	2011.142857	5.357142857	2.51572327	1.960784314	0	4.255319149	0	0	0
protein content	Protein Content	-0.5001	-0.0034	2	29	68	5	2016.2	0	0	0	0	0	0	0	0
protein powder	Protein Powder	-0.4567	-0.0049	2	48	142	8	2014.625	0	1.886792453	0	0	0	0	0	0
pump	Pump	0.0449	0.0088	1	51	142	11	2013.909091	0	0	1.307189542	3.174603175	0	0	0	10.52631579
purification	Purification	-0.6174	-0.1665	3	99	434	26	2013.115385	2.976190476	3.144654088	0	0	0	0	0	0
RADIATOR	Radiator	0.06	-0.0281	1	28	58	5	2008.4	0	0	0	0	0	0	2.941176471	0
RAINBOW COLOR	Rainbow Color	-0.3577	0.7413	5	17	238	7	2009	0	0	3.267973856	0	0	0	0	0
RAINBOW COLOR UTILIZING RUBBER	Rainbow Color Utilizing Rubber	-0.3572	0.7423	5	17	238	7	2009	0	0	3.267973856	0	0	0	0	0
rainbow highway	Rainbow Highway	-0.3565	0.7418	5	17	238	7	2009	0	0	3.267973856	0	0	0	0	0
Ramalina terebrata	Ramalina Terebrata	-1.3649	0.1081	5	25	380	15	2010.266667	0	0	7.843137255	0	27.65957447	0	0	0
raw material	Raw Material	-0.4752	-0.0364	2	196	1190	78	2015.24359	0	11.32075472	0.653594771	1.587301587	0	0	2.941176471	0
real time	Real Time	-0.0488	-0.0376	1	13	28	7	2012.571429	0.595238095	0	0.653594771	0	2.127659574	0	0	0
receiver	Receiver	0.0893	-0.016	1	27	84	6	2015.166667	0.595238095	0	0	0	0	0	2.941176471	0
recombinant expression vector	Recombinant Expression Vector	-0.5636	-0.1727	3	15	46	5	2016.8	0	1.886792453	0.653594771	0	2.127659574	0	0	0
refined fish oil	Refined Fish Oil	-0.6281	-0.0508	2	35	128	6	2018.333333	0	1.886792453	0	0	0	0	0	0
refrigerant	Refrigerant	0.1137	0.9928	10	49	552	17	2006	1.785714286	0	0.653594771	1.587301587	0	0	0	0
region	Region	0.2722	0.0102	1	104	588	39	2011.230769	7.142857143	0.628930818	6.535947712	11.11111111	0	2.631578947	0	5.263157895
reliability	Reliability	-0.0977	-0.0177	1	36	88	9	2014.777778	0	1.257861635	0	0	0	0	2.941176471	0
removal	Removal	-0.2232	-0.0528	2	30	92	12	2013.083333	1.19047619	0.628930818	0	0	0	2.631578947	0	5.263157895
residual organic solvent	Residual Organic Solvent	-0.4094	0.0376	2	30	148	5	2011.4	0	1.886792453	0	0	0	0	0	0
resistance	Resistance	-0.1832	-0.0425	1	28	58	6	2015.333333	0	0.628930818	0.653594771	1.587301587	0	0	0	0
respective anchor	Respective Anchor	0.6839	-0.1267	4	18	244	7	2011	2.976190476	0	0	0	0	0	0	0
rig	Rig	2.3927	-0.156	8	57	1752	51	2010.372549	19.04761905	0	0	0	0	78.94736842	0	0
ring	Ring	-0.0335	-0.0222	1	29	80	6	2013	0	0	0	0	0	0	0	0
river	River	-0.0569	0.0422	1	27	86	6	2000.5	0	0	0.653594771	0	0	0	0	0
rotary evaporation	Rotary Evaporation	-0.4367	-0.0001	2	35	138	7	2013.428571	0	2.51572327	0	0	0	0	0	0
rotation	Rotation	-0.0321	-0.0039	1	47	106	8	2012.75	0	0.628930818	1.307189542	1.587301587	0	0	5.882352941	0
round-the-world trip	Round-The-World Trip	-0.3589	0.7419	5	17	238	7	2009	0	0	3.267973856	0	0	0	0	0
safety	Safety	-0.1971	-0.0282	1	103	338	21	2013.142857	0	3.144654088	0.653594771	1.587301587	0	0	0	0
salt	Salt	-0.5786	-0.0326	2	73	202	14	2010.5	0	0.628930818	0.653594771	0	2.127659574	0	0	0
screen	Screen	-0.4185	-0.1582	3	76	252	19	2014.315789	0	2.51572327	0	0	0	0	0	0
sea	Sea	-0.029	-0.0416	1	117	554	34	2010.558824	1.19047619	1.886792453	4.575163399	3.174603175	6.382978723	0	0	10.52631579
sea bass	Sea Bass	-0.7825	-0.2142	3	10	44	5	2004.6	1.785714286	0.628930818	0	0	0	0	0	0
sea bottom	Sea Bottom	0.2968	-0.0239	1	54	184	10	2006.1	0	0.628930818	0	0	0	0	0	0
sea chest	Sea Chest	0.0834	0.0014	1	25	82	5	2015.8	0	0	2.614379085	6.349206349	0	0	0	0
sea floor	Sea Floor	2.5775	-0.1789	8	47	1634	50	2011.12	19.64285714	0	0	0	0	78.94736842	0	0
sea ice	Sea Ice	-0.1505	-0.072	1	45	118	12	2012.25	0	3.144654088	0.653594771	0	0	0	8.823529412	0
sea surface	Sea Surface	0.1269	-0.0329	1	38	146	8	2008	1.785714286	0	0	0	0	0	0	0
sea water	Sea Water	0.0289	0.0217	1	55	166	12	2013.666667	0	0	2.614379085	4.761904762	0	0	0	5.263157895
seabed	Seabed	0.542	-0.0447	4	56	562	27	2009.481481	9.523809524	0.628930818	0	0	0	0	2.941176471	0
seafloor	Seafloor	1.1284	-0.0033	4	33	242	12	2013.583333	3.571428571	0	0	0	0	7.894736842	0	0
sealing means	Sealing Means	1.6042	-0.7038	7	22	546	13	2008.461538	2.976190476	0	0	0	0	0	0	0
seasons	Seasons	0.073	1.1375	10	43	506	14	2007.571429	1.19047619	0	0	0	0	0	0	0
seawater	Seawater	0.0097	-0.0142	1	58	210	14	2014.714286	0	1.886792453	2.614379085	4.761904762	0	0	5.882352941	0
seismic data	Seismic Data	0.9028	-0.0321	8	8	56	6	2007.5	2.976190476	0	0	0	0	0	0	0
SENSITIVE LOCATION	Sensitive Location	1.5823	-0.2407	7	21	414	14	2003.357143	3.571428571	0	0	0	0	0	0	0
sensitive operating environments	Sensitive Operating Environments	1.6064	-0.7032	7	22	546	13	2008.461538	2.976190476	0	0	0	0	0	0	0
separator	Separator	-0.4404	-0.0646	2	103	348	21	2014.380952	0	5.031446541	0	0	0	0	2.941176471	5.263157895
shaft	Shaft	0.4027	-0.0585	1	63	190	12	2013.333333	2.380952381	0.628930818	0.653594771	1.587301587	0	0	0	0
shallow water	Shallow Water	2.31	-0.1882	8	68	1994	59	2009.79661	21.42857143	0	0	0	0	78.94736842	0	0
shelf	Shelf	0.1631	-0.0249	1	49	164	8	2004.75	0	0	0	0	0	0	0	0
shell	Shell	-0.3977	-0.03	2	62	210	12	2014.75	0	1.257861635	0	0	0	0	0	0
ship	Ship	0.1958	0.0061	1	129	726	60	2011.916667	1.19047619	1.886792453	20.91503268	39.68253968	0	0	2.941176471	0
ship sails	Ship Sails	0.2692	0.0513	9	15	86	6	2012	0.595238095	0	3.267973856	4.761904762	0	0	0	0
shipbuilding	Shipbuilding	0.1867	-0.0562	1	36	144	9	2008.333333	0	0	0	0	0	0	0	0
SHORTER COOKING TIME	Shorter Cooking Time	0.157	1.3888	10	24	464	10	2004.1	1.19047619	0	0	0	0	0	0	0
shrimp	Shrimp	-0.3608	-0.0605	2	30	64	5	2017	0	0.628930818	0	0	0	0	0	0
shrimp powder	Shrimp Powder	-0.5563	-0.0252	2	35	76	5	2017.6	0	0.628930818	0	0	0	0	0	0
shrimp shell	Shrimp Shell	-0.4552	-0.0654	2	29	78	5	2014	0	1.257861635	0	0	0	0	0	0
side effects	Side Effects	-1.3584	0.1188	5	32	310	11	2012.363636	0	0	4.575163399	0	14.89361702	0	0	0
side strake	Side Strake	0.4065	0.1008	9	15	168	6	2011	1.19047619	0	3.921568627	6.349206349	0	0	0	0
skin	Skin	-0.891	0.0289	5	27	104	8	2013.25	0	0.628930818	1.960784314	0	6.382978723	0	0	0
SKIN CARE PRODUCT	Skin Care Product	-0.9409	-0.4916	3	27	322	10	2007.8	2.380952381	0.628930818	0	0	0	0	0	0
skin whitening	Skin Whitening	-1.2246	0.0652	5	11	64	5	2009.2	0	0	2.614379085	0	6.382978723	0	0	0
snow	Snow	-0.0664	-0.0448	1	32	138	10	2008.8	2.380952381	0	0.653594771	0	0	0	0	0
snow accumulation	Snow Accumulation	0.1015	0.0265	1	13	86	5	2005.2	0	0	0	0	0	0	0	0
snow drifts	Snow Drifts	0.1591	0.0502	1	14	96	6	2007.166667	0	0	0	0	0	0	0	0
soil	Soil	-0.2377	-0.1251	3	26	52	6	2012.5	0.595238095	0.628930818	0	0	0	0	0	0
solar altitudes alphas	Solar Altitudes Alphas	0.1612	1.3854	10	24	286	6	2004	0.595238095	0	0	0	0	0	0	0
solvent	Solvent	-0.4778	-0.0252	2	72	332	17	2013.235294	0	5.031446541	0	0	0	0	2.941176471	0
soybean lecithin	Soybean Lecithin	-0.6251	-0.0477	2	38	126	8	2016.75	0	0.628930818	0	0	0	0	0	0
soybean meal	Soybean Meal	-0.6027	-0.031	2	62	342	16	2015.375	0	0.628930818	0	0	0	0	0	0
soybean oil	Soybean Oil	-0.6204	-0.0381	2	39	164	8	2015.875	0	0.628930818	0.653594771	0	0	0	0	0
space	Space	0.092	0.0399	1	51	148	13	2008.692308	0.595238095	1.257861635	1.307189542	3.174603175	0	0	2.941176471	0
speed	Speed	-0.247	-0.0637	1	33	94	9	2014.888889	0	1.257861635	0.653594771	1.587301587	0	0	0	0
spirulina	Spirulina	-0.578	-0.0373	2	47	164	9	2015.666667	0	1.257861635	0	0	0	0	0	0
stability	Stability	-0.0028	-0.0922	4	92	478	25	2014.92	2.976190476	3.144654088	0.653594771	0	0	0	2.941176471	5.263157895
steel	Steel	-0.118	-0.047	1	33	74	9	2004.888889	0	0	0	0	0	0	0	0
Stereocaulon alpinum	Stereocaulon Alpinum	-1.0402	-0.0544	5	9	70	8	2014.5	0	0	4.575163399	0	17.0212766	0	0	0
stirring	Stirring	-0.4615	-0.0044	2	83	404	25	2013.56	0	8.176100629	0	0	0	0	0	0
storage	Storage	0.0268	-0.1801	6	56	248	12	2010.416667	0	0.628930818	0	0	0	0	0	0
strain	Strain	-0.4458	-0.1434	3	36	106	13	2015.307692	0	3.144654088	0.653594771	0	2.127659574	0	5.882352941	0
strength	Strength	0.4957	0.0089	9	27	148	10	2010.4	1.785714286	0	0.653594771	1.587301587	0	0	0	0
structure	Structure	-0.0006	0.2241	5	132	758	43	2010.069767	1.785714286	1.886792453	8.496732026	7.936507937	0	2.631578947	2.941176471	0
SUBSTANCE	Substance	-0.173	-0.1175	1	181	1180	67	2001.343284	3.571428571	1.886792453	1.960784314	0	6.382978723	0	0	10.52631579
sugar	Sugar	-0.8337	-0.2753	3	30	182	8	2005.125	2.976190476	0.628930818	0	0	0	0	0	0
surface	Surface	0.3209	-0.0754	1	142	984	57	2008.157895	5.952380952	3.144654088	1.960784314	0	0	0	11.76470588	0
survival rate	Survival Rate	-0.5662	-0.0488	2	60	234	14	2014.285714	0	3.144654088	0	0	0	0	0	0
sustainable development	Sustainable Development	0.1584	1.3882	10	24	464	11	2004.818182	1.19047619	0	0	0	0	0	0	0
symptoms	Symptoms	-1.504	0.1417	5	19	276	8	2011.375	0	0	4.575163399	0	14.89361702	0	0	0
synergic combination	Synergic Combination	0.1613	1.3892	10	24	464	10	2004.1	1.19047619	0	0	0	0	0	0	0
system	System	0.5177	-0.1461	1	220	2052	117	2010.888889	27.97619048	2.51572327	5.882352941	11.11111111	0	7.894736842	11.76470588	0
tank	Tank	-0.0208	-0.0071	1	59	208	14	2011.357143	0.595238095	0	3.267973856	7.936507937	0	0	0	0
television	Television	0.1579	1.3921	10	24	464	10	2004.1	1.19047619	0	0	0	0	0	0	0
temperature	Temperature	-0.1894	-0.0639	1	203	1026	81	2011.728395	0.595238095	9.433962264	8.496732026	14.28571429	4.255319149	0	5.882352941	0
TEREBRATA	Terebrata	-1.3651	0.1079	5	25	380	15	2010.266667	0	0	7.843137255	0	27.65957447	0	0	0
thermolability	Thermolability	-0.8952	-0.3051	3	18	156	6	2004	2.976190476	0	0	0	0	0	0	0
tissue	Tissue	-0.37	-0.3531	6	42	242	10	1999.2	2.380952381	0	0.653594771	0	2.127659574	0	0	0
tower	Tower	0.511	-0.0938	4	42	346	15	2011	5.357142857	0	0	0	0	0	0	0
toxicity	Toxicity	-1.3797	0.1206	5	37	314	12	2012.166667	0	0.628930818	5.22875817	0	14.89361702	0	0	0
tradable emission rights/credits	Tradable Emission Rights/Credits	0.16	1.3885	10	24	464	10	2004.1	1.19047619	0	0	0	0	0	0	0
transcription stage	Transcription Stage	-1.5054	0.1423	5	19	276	8	2011.375	0	0	4.575163399	0	14.89361702	0	0	0
transport	Transport	0.0209	-0.0373	1	99	420	26	2009.615385	2.380952381	0.628930818	0	0	0	0	0	0
unitary platform structure	Unitary Platform Structure	1.5819	-0.2398	7	21	414	14	2003.357143	3.571428571	0	0	0	0	0	0	0
UVB radiation	Uvb Radiation	-0.5859	-0.2824	3	8	80	6	2009	0	0	0	0	0	0	0	0
vacuum	Vacuum	-0.3494	-0.05	2	44	144	8	2011	0	2.51572327	0	0	0	0	0	0
variety	Variety	0.0139	-0.5008	3	90	1040	33	2009.393939	6.547619048	0	0	0	0	0	0	5.263157895
VARIOUS WELLHEAD CELLAR LAYOUT	Various Wellhead Cellar Layout	1.6057	-0.7058	7	22	546	13	2008.461538	2.976190476	0	0	0	0	0	0	0
vector	Vector	-0.845	-0.4351	3	32	334	11	2006.363636	2.380952381	0.628930818	0.653594771	0	0	0	0	0
vehicle	Vehicle	0.0681	0.009	1	35	138	8	2001.375	0	0.628930818	0	0	0	0	0	0
ventilation	Ventilation	0.248	0.0284	9	20	116	6	2012.666667	0.595238095	0	1.960784314	4.761904762	0	0	0	0
vessel	Vessel	0.3249	-0.0489	4	87	518	27	2012.296296	5.357142857	0	5.22875817	7.936507937	0	0	0	0
vitamin	Vitamin	-0.5031	-0.0089	2	78	260	17	2015.352941	0	2.51572327	0.653594771	0	0	0	0	0
vitamin E	Vitamin E	-0.6045	-0.0211	2	39	100	7	2015.142857	0	1.257861635	0	0	0	0	0	0
vitamin premix	Vitamin Premix	-0.6303	-0.053	2	40	156	6	2017.666667	0	1.257861635	0	0	0	0	0	0
waste	Waste	-0.3276	-0.0202	2	53	116	8	2014.625	0	0.628930818	0.653594771	1.587301587	0	0	2.941176471	0
waste heat	Waste Heat	0.1083	0.0486	1	30	92	8	2013.5	0	0	5.22875817	7.936507937	0	0	0	0
waste materials	Waste Materials	-0.4387	0.0197	2	66	446	15	2011.266667	0	8.176100629	0	0	0	0	0	0
water	Water	0.4051	-0.0527	8	322	3652	186	2011.784946	32.73809524	13.20754717	2.614379085	1.587301587	0	81.57894737	2.941176471	10.52631579
water area	Water Area	0.0894	-0.0438	1	46	150	7	2005.428571	0	0	0	0	0	0	0	0
water surface	Water Surface	0.371	-0.0647	4	18	104	6	2013.333333	2.380952381	0	0	0	0	0	0	0
Waves	Waves	0.037	0.0226	1	40	162	7	2006.857143	1.19047619	0	0	0	0	0	0	0
wax	Wax	-0.3971	0.0182	2	70	458	16	2010.5625	0	8.176100629	0	0	0	0	0	0
weather	Weather	0.2633	0.0714	9	40	276	10	2009.3	1.19047619	0	3.921568627	6.349206349	0	0	0	0
weight	Weight	-0.4166	-0.0324	2	153	928	68	2014.720588	0	3.773584906	3.267973856	3.174603175	0	0	2.941176471	0
well drilling	Well Drilling	1.5167	-0.2191	7	26	296	10	2003	2.380952381	0	0	0	0	0	0	0
WELLHEAD CELLAR LAYOUT	Wellhead Cellar Layout	1.6046	-0.7081	7	22	546	13	2008.461538	2.976190476	0	0	0	0	0	0	0
white fish meal	White Fish Meal	-0.6322	-0.0686	2	41	146	8	2016.875	0	1.257861635	0	0	0	0	0	0
Wind	Wind	0.0417	0.0168	1	41	116	7	2009.285714	0	0.628930818	0	0	0	0	0	0
winter	Winter	-0.0361	0.0379	1	40	106	12	2012.5	0	0.628930818	2.614379085	0	0	0	0	0
world standard rainbow highway	World Standard Rainbow Highway	-0.3565	0.7409	5	17	238	7	2009	0	0	3.267973856	0	0	0	0	0
yeast	Yeast	-0.6336	-0.0941	2	31	74	6	2014.5	0	0	0.653594771	0	2.127659574	0	0	0
